"Time"	"xCenter"	"yCenter"	"MaximalerRadius"	"DurchschnittRadius"	"EightyProzentRadius"	"DurchschnittAnzahlZellen"	"AnzahlZellenSystem"	"Abdeckung"
"1"	0	111.995217218015	112	40.4635212921227	27.1335176556126	36.2330982430087	4	2509	0.0500039859693878
"2"	10	112.056111468423	111.995325842697	44.3083773404247	27.4004633750109	36.7524073114214	4.24719101123596	2581	0.0514389349489796
"3"	20	111.957952352277	111.926244824991	46.0513635093579	27.7450533712793	37.0502953717036	4.294316898758	2657	0.0529536033163265
"4"	30	112.005292408759	111.98517120438	47.8277895141295	28.1388853074434	37.3619561905493	4.35693430656934	2740	0.0546077806122449
"5"	40	111.808420318021	111.923746289753	50.1916376062861	28.6197460140326	38.1626872106956	4.39010600706714	2830	0.0564014668367347
"6"	50	111.721251564626	111.915297380952	52.1009091785535	29.1933151773155	38.7998020778241	4.41360544217687	2940	0.05859375
"7"	60	111.741781690141	111.786204127088	53.7084578153114	29.7746602229523	39.5164601556771	4.43825745168687	3053	0.0608458227040816
"8"	70	111.70092623622	111.736010866142	55.2379188333822	30.3921980958886	40.3501377391447	4.45984251968504	3175	0.0632772640306122
"9"	80	111.510848802667	111.636505092452	56.6033697099027	31.0021094944451	41.3086321503923	4.45407699302819	3299	0.0657485650510204
"10"	90	111.41650538662	111.641742021431	57.5029048513756	31.7730665010276	42.4180183176018	4.45641471184477	3453	0.0688177614795918
"11"	100	111.516138945908	111.741805048544	60.2089502016001	32.4510216693441	43.512483779106	4.45825242718447	3605	0.0718470982142857
"12"	110	111.450643426295	111.756368950863	61.4206846086095	33.196520604422	44.5197865012212	4.44940239043825	3765	0.0750358737244898
"13"	120	111.278437544575	111.748845415181	62.6426538167672	33.9083155127305	45.54812082151	4.4666327050433	3926	0.0782445790816327
"14"	130	111.264511698757	111.855952205703	63.665112944742	34.6629542351665	46.7327432214953	4.46746283207409	4103	0.0817721619897959
"15"	140	111.474656360671	112.086712884436	64.8011631557683	35.4435225256465	47.8355760465345	4.43942218080149	4292	0.0855389030612245
"16"	150	111.281530875473	112.051660481176	65.8885043863544	36.2333591116589	48.9032596049777	4.41791044776119	4489	0.0894650829081633
"17"	160	111.157462291578	112.192368234288	67.3349590250839	36.9661689572751	49.7103445869485	4.39888841385207	4678	0.0932318239795918
"18"	170	111.313835425641	112.27471614359	69.2480876033434	37.7617643401375	50.8414440884407	4.41107692307692	4875	0.0971580038265306
"19"	180	111.055747445255	112.239694298678	70.4428818695919	38.5104499985921	51.7968084373054	4.42572499506806	5069	0.101024394132653
"20"	190	111.134538508488	112.236871428571	71.3727416946767	39.1629703702264	52.5915896735638	4.43600991798589	5243	0.1044921875
"21"	200	110.87413309976	112.234557311451	72.1429388530724	39.8551474579894	53.5859311674049	4.41932509680988	5423	0.10807955994898
"22"	210	110.653439335229	112.17316420192	75.948217567866	40.6012896729183	54.6418299451511	4.42054745822965	5626	0.112125318877551
"23"	220	110.626325917038	112.314229568049	76.0826522702823	41.3446691107875	55.6280937777668	4.41138155639355	5834	0.116270727040816
"24"	230	110.53218069856	112.285834663135	77.1469802535816	42.0835466566647	56.6225495012635	4.41847376262208	6041	0.120396205357143
"25"	240	110.398906018519	112.290166427203	79.1386418296208	42.8760916343163	57.7596714073548	4.40229885057471	6264	0.12484056122449
"26"	250	110.384405849754	112.330157697044	79.9640120319016	43.6684261554582	58.8014603853713	4.41841133004926	6496	0.129464285714286
"27"	260	110.060077078086	112.559878174544	80.8422702074574	44.5195483128152	59.9928702180854	4.40539339161357	6749	0.134506536989796
"28"	270	110.170102270456	112.641456761388	82.8906377216252	45.350697060882	61.0880669707268	4.39297443952592	7003	0.139568718112245
"29"	280	110.048225673622	112.755642572889	83.8473955402229	46.1149097252106	62.1861740947138	4.38745336465386	7237	0.144232302295918
"30"	290	109.899667110519	112.945862916112	86.2488299245761	46.9915605683	63.3286883107361	4.39440745672437	7510	0.149673150510204
"31"	300	109.777301258993	113.126505074512	88.2901734300968	47.8357304277682	64.4005910577048	4.38412127440904	7784	0.155133928571429
"32"	310	109.621482298908	113.282335985601	91.01178376327	48.6785461809656	65.5851069626065	4.3890268123138	8056	0.160554846938776
"33"	320	109.611614148911	113.420078214029	93.4889671085209	49.5599858493659	66.7755694265018	4.36844625329184	8354	0.166493941326531
"34"	330	109.680578526827	113.568466639685	94.9525124232975	50.4318290734967	67.8179002806086	4.36285846438483	8648	0.172353316326531
"35"	340	109.63088637279	113.754355124189	96.7020209914987	51.2669840947799	68.9796086423356	4.3593645110763	8938	0.178132971938776
"36"	350	109.769170939525	113.962815194384	97.0738284874224	52.1674600266461	70.272397613134	4.3511879049676	9260	0.184550382653061
"37"	360	109.916024252215	114.122272642001	97.6914699422192	53.131359354407	71.5958656667846	4.35310057321522	9595	0.191226881377551
"38"	370	109.862281025279	114.139129821734	98.7272509673541	54.0338715850993	72.8972409606651	4.34605700473361	9929	0.197883450255102
"39"	380	109.784675738952	114.152104526388	99.4857060619529	54.9154786051271	74.0766567268634	4.35547751438884	10251	0.204300860969388
"40"	390	109.674244272155	114.232807884597	101.630872340066	55.9311746881713	75.4982818859416	4.34545625411146	10641	0.21207350127551
"41"	400	109.624378791739	114.28335408971	103.035863177233	56.8368714924997	76.6715870787477	4.34701119097443	10991	0.219048947704082
"42"	410	109.685095293495	114.294948889476	104.364655519704	57.7470436909612	77.8274471938539	4.33245196545038	11346	0.226124043367347
"43"	420	109.851130651243	114.284013059126	107.269352233922	58.53823486353	78.9118497684677	4.33076263924593	11670	0.23258131377551
"44"	430	110.013353313929	114.27786	108.152086361816	59.3899339335837	80.0181726536898	4.3216632016632	12025	0.239656409438776
"45"	440	109.936619230831	114.409178837772	109.482858729926	60.2449293401163	81.1653796472422	4.31315577078289	12390	0.246930803571429
"46"	450	109.909506961569	114.372851301961	110.346231286025	61.1053298851343	82.2768469816688	4.31325490196078	12750	0.254105548469388
"47"	460	110.04936832089	114.330738877038	112.823844618821	62.0050587038629	83.489139099351	4.30611001066585	13126	0.261599170918367
"48"	470	109.967383460028	114.365496584426	113.603266691798	62.8569649550003	84.6165608324978	4.30258575979847	13497	0.268993144132653
"49"	480	109.897411383806	114.45709881141	114.305238983183	63.7423706964079	85.837257113748	4.29894827834606	13882	0.276666135204082
"50"	490	109.808631970757	114.413863865958	115.966861935904	64.618016347175	86.9837664885087	4.29299006576186	14294	0.284877232142857
"51"	500	109.772013046141	114.373970151082	118.335449430709	65.49423168047	88.1069492874296	4.28406152170954	14694	0.292849170918367
"52"	510	109.765519220711	114.253824572111	118.950677264236	66.3151609144989	89.1961211070674	4.27703330237495	15074	0.300422512755102
"53"	520	109.938708612291	114.295732496288	120.005978856819	67.2044571046021	90.3902204012723	4.27009231166484	15491	0.308733258928571
"54"	530	109.954157550195	114.23787859216	121.230305267315	68.0786389874249	91.5095316665164	4.25543409976128	15918	0.317243303571429
"55"	540	109.897154175086	114.229660478176	122.82307086894	68.8859015574365	92.6179118953253	4.24190779794017	16312	0.325095663265306
"56"	550	110.045560942402	114.372303777392	123.600708351606	69.6879614140676	93.6772167680427	4.23793557657766	16702	0.332868303571429
"57"	560	110.126684091222	114.368574185014	123.668149582168	70.5321890797477	94.8857391642429	4.23138468726275	17123	0.341258769132653
"58"	570	110.280396387301	114.449889824862	123.970510588269	71.3323216509727	95.9434544879361	4.21997832163843	17529	0.349350286989796
"59"	580	110.349858061588	114.512606926172	124.383738958723	72.0476916573512	96.9837301593963	4.21628569831778	17893	0.35660475127551
"60"	590	110.448964900279	114.545114394508	124.456228413586	72.766738250218	97.9144461578002	4.20130189814562	18281	0.364337531887755
"61"	600	110.534273853866	114.450082833557	126.813445657489	73.4859375947252	98.9181646162446	4.18970044477788	18661	0.37191087372449
"62"	610	110.538103292067	114.372066228723	128.066729484694	74.1768968926109	99.8372740843715	4.17767965094885	19023	0.379125478316327
"63"	620	110.565605898323	114.20223194537	129.564173626039	74.8479204390991	100.679986432274	4.16940933711633	19385	0.386340082908163
"64"	630	110.626146261628	114.055147454628	130.625251143239	75.4693682766806	101.49889822002	4.16799391326401	19715	0.392916932397959
"65"	640	110.663246535565	113.874940119364	131.882042368884	76.0719686775738	102.298272790353	4.16001596169194	20048	0.399553571428571
"66"	650	110.636428304179	113.736773757108	133.076548827175	76.65916104657	103.09724137064	4.1466385110249	20363	0.405831473214286
"67"	660	110.742674079639	113.607060776603	133.54698049812	77.1192018557136	103.705776609816	4.14230284217674	20618	0.410913584183673
"68"	670	110.731547936005	113.46190017467	134.666846205221	77.6568196160006	104.394447262661	4.13277214463363	20908	0.416693239795918
"69"	680	110.780823227296	113.243564324426	136.702267400214	78.2030597347513	105.142186332131	4.12064659032	21219	0.422891422193878
"70"	690	110.788958207476	113.142838353319	136.588433028466	78.6720781087248	105.684609349482	4.11069732799553	21482	0.428132971938776
"71"	700	110.871168078194	113.033782949788	137.257995369504	79.1302673607969	106.222647180269	4.10723490427099	21728	0.433035714285714
