"Time"	"xCenter"	"yCenter"	"MaximalerRadius"	"DurchschnittRadius"	"EightyProzentRadius"	"DurchschnittAnzahlZellen"	"AnzahlZellenSystem"	"Abdeckung"
"1"	0	111.995217218015	112	40.4635212921227	27.1335176556126	36.2330982430087	4	2509	0.0500039859693878
"2"	10	112.082094522644	112.071305079559	42.517801269372	27.2145075826377	36.5934552332501	5.70685434516524	3268	0.0651307397959184
"3"	20	111.890436851211	112.232062605042	44.0343879989179	27.6614937958657	37.0415360811069	5.15916955017301	4046	0.0806361607142857
"4"	30	111.951028205128	112.361905594406	46.1832508830211	28.2666032977626	37.8328789063628	4.81203644840009	4719	0.0940489477040816
"5"	40	112.052140325019	112.257295861678	46.5738161821494	28.9223030447671	38.8324828769381	4.5755857898715	5292	0.10546875
"6"	50	112.039369262865	112.277379989569	48.3209699037048	29.6069456795667	39.7848759478235	4.48678720445063	5752	0.114636479591837
"7"	60	111.947177161791	112.350225391951	49.7205946301832	30.3192999617511	40.7889687536026	4.43639890092129	6187	0.123305963010204
"8"	70	111.973309303384	112.166143587798	50.9511507635974	31.1257166736476	41.8829203553966	4.41250569130369	6589	0.131317761479592
"9"	80	112.159557306919	112.141728366351	52.8963055207147	31.9335227969059	42.9251943432194	4.38960666092449	6966	0.13883131377551
"10"	90	112.282192667029	112.193162900597	54.080078938373	32.7942873008634	44.1301638058964	4.38022813688213	7364	0.146763392857143
"11"	100	112.104011859387	112.176310442956	55.4314691607714	33.6166007005305	45.1890641818871	4.35694050991501	7766	0.154775191326531
"12"	110	112.070035685508	112.082342815285	56.9992563081225	34.4590785847494	46.2726422116735	4.33280429739959	8191	0.16324537627551
"13"	120	112.160759076175	112.091178363047	59.2593808812655	35.3601183653165	47.5134304318168	4.32044454734892	8638	0.172154017857143
"14"	130	112.064489135694	112.033901066637	59.6161601976547	36.2448078096989	48.7116490904207	4.3107543435232	9094	0.181242028061224
"15"	140	112.208963704171	111.977024929089	61.1972262259418	37.0698423213068	49.791041596521	4.30528416850509	9519	0.189712213010204
"16"	150	112.111416262768	112.078525025035	62.6214984950038	37.9319784636137	50.9387899082393	4.28459843781294	9986	0.199019451530612
"17"	160	112.161182129131	112.110224884704	64.0173647137391	38.7236561663262	52.006392756134	4.2966948501153	10408	0.207429846938776
"18"	170	112.215886974519	112.241720310919	64.8574551857789	39.5520096233739	53.0640440333724	4.28479440713826	10871	0.216657366071429
"19"	180	112.232025112424	112.257155171502	66.358035394705	40.3930000172873	54.1919887668733	4.27740058195926	11341	0.226024394132653
"20"	190	112.328688718816	112.136723509514	68.0542714186822	41.2488723601113	55.3245732540627	4.27788583509514	11825	0.23567044005102
"21"	200	112.322217059493	112.115365368986	69.9782242771325	42.0545357829282	56.3771122338737	4.27373211963589	12304	0.245216836734694
"22"	210	112.406238148264	112.116297959819	71.2018523190457	42.947984005967	57.5678579088274	4.26008409904999	12842	0.255939094387755
"23"	220	112.441979071679	112.059109200987	73.209714668683	43.8376762785428	58.7498084850712	4.253083190074	13379	0.266641422193878
"24"	230	112.436275230348	112.016921040887	74.5889949544137	44.6777230193127	59.9575205930525	4.25539879067089	13892	0.276865433673469
"25"	240	112.422970531937	111.959444406686	75.9703200311504	45.4925424190389	61.0217992112794	4.25674457313267	14419	0.287368463010204
"26"	250	112.415257816361	111.992333088481	77.2607050304545	46.3496710023586	62.1150762204231	4.25242070116861	14975	0.298449457908163
"27"	260	112.436183610252	111.97117802035	78.8716251626324	47.1979048182118	63.2992259708794	4.24265842349304	15528	0.309470663265306
"28"	270	112.328357677299	111.885775348405	81.5436250388179	48.1155277765247	64.4974617709775	4.24453391142769	16145	0.321767378826531
"29"	280	112.243998721243	111.916036038243	82.2593362088537	48.9690543675137	65.649488878495	4.23053480729011	16735	0.333525988520408
"30"	290	112.243754687139	111.962034553221	83.6573203075624	49.8124318449216	66.7282380765376	4.22523666589702	17324	0.345264668367347
"31"	300	112.239181455478	111.985160988521	84.335735250258	50.6834143731473	67.9232000000998	4.22133065864259	17946	0.357661033163265
"32"	310	112.40701157719	111.965370911636	84.4674312171876	51.55373272132	69.0840520067379	4.21711270260083	18571	0.3701171875
"33"	320	112.521819313618	112.113818254838	86.079372677424	52.3840247489836	70.1901331413997	4.21895373702603	19173	0.382114955357143
"34"	330	112.459861919911	112.110810700399	87.6735233125509	53.2272445912802	71.366844144954	4.20875624905317	19803	0.394670758928571
"35"	340	112.467401668297	112.193211492172	88.6644738329102	54.0585513231078	72.4468760609351	4.21223091976517	20440	0.407366071428571
"36"	350	112.363873965844	112.22313288425	90.5179930860122	54.8918482464904	73.550625489458	4.20161290322581	21080	0.420121173469388
"37"	360	112.402751389593	112.220778674471	91.1223815374763	55.6960568024059	74.6228609959308	4.20233211964788	21697	0.432417889030612
"38"	370	112.332788856095	112.328779232627	92.1535628537942	56.5352475397329	75.7182122590774	4.20186029872104	22362	0.445671237244898
"39"	380	112.37179634612	112.341920955563	93.9171472305986	57.3922375001768	76.9091031513181	4.20057281721923	23044	0.459263392857143
"40"	390	112.338130880559	112.461056287601	95.6417633974373	58.2756971473498	78.069180745667	4.19235138205225	23769	0.473712531887755
"41"	400	112.335857017293	112.420685568865	96.446123038042	59.1029499940132	79.1870381901536	4.19034381259965	24461	0.487503985969388
"42"	410	112.297964599032	112.453270012691	98.0055662142271	59.9939778689884	80.3783155008394	4.18814944078686	25214	0.502511160714286
"43"	420	112.219745520086	112.466967059912	99.1271362466833	60.8504632591525	81.5134585036636	4.18104711234482	25938	0.516940369897959
"44"	430	112.233814922575	112.390243058003	100.514437936312	61.6995620814772	82.6189702264497	4.18349518203292	26671	0.531548947704082
"45"	440	112.205281194553	112.320973692089	101.491454348468	62.5267347873084	83.772503347324	4.18268774414954	27391	0.5458984375
"46"	450	112.229706146362	112.359616024571	103.093776142659	63.3925697238538	84.9222219990904	4.18115967759117	28163	0.561284279336735
"47"	460	112.415892047968	112.281602792369	104.66433737923	64.2479475504797	86.0612621554887	4.17168924523085	28936	0.576690051020408
"48"	470	112.378189015764	112.322292491916	106.655631233594	65.066689961748	87.1183206012721	4.16996766370251	29688	0.591677295918367
"49"	480	112.357041035648	112.295172465812	107.778834103043	65.9349380176329	88.326627486909	4.16469353622143	30493	0.607720822704082
"50"	490	112.321711848538	112.327620354689	109.16828886569	66.7923935280113	89.4683243148996	4.15855567982106	31295	0.62370455994898
"51"	500	112.275251057656	112.352737361163	109.755735957972	67.5906512308577	90.5277411628566	4.16460751279171	32052	0.638791454081633
"52"	510	112.310127778792	112.434898852569	111.274038780669	68.4374605851518	91.656384703486	4.15978816654492	32856	0.654815051020408
"53"	520	112.317239629806	112.390625478935	112.466127449445	69.2712517880373	92.7540241757618	4.16311129597718	33658	0.670798788265306
"54"	530	112.293050381965	112.516336194544	114.441222525629	70.1568670515794	93.9483813934067	4.1585775512568	34532	0.688217474489796
"55"	540	112.284608325466	112.501870987365	115.797765999666	70.9997254165562	95.0840871787268	4.15778613223281	35377	0.705058195153061
"56"	550	112.343697533751	112.549933078325	116.996113348935	71.8404603359771	96.2148968752692	4.15421992766627	36221	0.721878985969388
"57"	560	112.279001661048	112.523351908628	118.265447355968	72.6803542305763	97.3405698497114	4.1528628064403	37079	0.738978794642857
"58"	570	112.3710880341	112.514759542256	119.61295613294	73.5301400598949	98.4702825615422	4.15126360450101	37947	0.756277901785714
"59"	580	112.449525469361	112.509218290937	121.326597490031	74.3874330506178	99.6112626204913	4.15046343975283	38840	0.774075255102041
"60"	590	112.476984461577	112.532679785687	122.524580104016	75.2628489380376	100.748717247353	4.14961640045277	39755	0.79231106505102
"61"	600	112.457883608171	112.439887842407	123.841168738069	76.0918727903908	101.8673155743	4.14245631306916	40630	0.809749681122449
"62"	610	112.357893273306	112.457046593946	126.430458262352	76.8955192926214	102.95525203659	4.13959317458787	41492	0.826929209183674
"63"	620	112.306949963552	112.404418792621	128.232051313157	77.6944200798619	103.983106225732	4.12317643170766	42362	0.844268176020408
"64"	630	112.242629343829	112.312326372812	129.525986631889	78.4045179605574	104.917083005886	4.11134039741241	43129	0.859554368622449
"65"	640	112.324660454182	112.247329327358	130.899317388624	79.0146463986124	105.699233096695	4.10111204987098	43793	0.872787786989796
"66"	650	112.310421882064	112.188300765142	132.6154608095	79.5961743594833	106.423431725874	4.08925113702886	44414	0.885164221938776
"67"	660	112.314025718414	112.107502583711	134.830773201297	80.1386051534507	107.115562703598	4.07828754334489	44988	0.896603954081633
"68"	670	112.328386016964	112.008782537081	136.096015156452	80.6327462110608	107.680194819503	4.07202970840933	45509	0.906987404336735
"69"	680	112.347609147956	111.929183370118	138.214148585312	81.1495466414499	108.290813088175	4.06443063822392	46034	0.917450573979592
"70"	690	112.373694525895	111.946251972158	139.815960820107	81.5935637528505	108.79794785072	4.05908298728403	46477	0.926279496173469
"71"	700	112.327124753905	111.920527096129	141.146124608112	81.9832027120515	109.260570071321	4.05641857289177	46864	0.933992346938776
