"Time"	"xCenter"	"yCenter"	"MaximalerRadius"	"DurchschnittRadius"	"EightyProzentRadius"	"DurchschnittAnzahlZellen"	"AnzahlZellenSystem"	"Abdeckung"
"1"	0	111.995217218015	112	40.4635212921227	27.1335176556126	36.2330982430087	4	2509	0.0500039859693878
"2"	10	111.837112647059	111.972823735294	45.4699818544351	27.6084746790336	36.8386629992784	6.86235294117647	3400	0.0677614795918367
"3"	20	111.943846136466	111.748016312698	50.3448303299007	28.7808617955467	38.4609387712769	6.12019882512427	4426	0.0882095025510204
"4"	30	111.811366139241	111.678439463887	54.1180247278295	30.127671283551	40.4269442383806	5.75465376023827	5372	0.107063137755102
"5"	40	112.029949156627	111.757785991968	58.0113981569187	31.762345617115	42.8231008346164	5.63084337349398	6225	0.124063297193878
"6"	50	112.037503287101	111.964512801664	60.7797862230223	33.7012212901952	45.529248079887	5.52177531206657	7210	0.143694196428571
"7"	60	112.135272829268	111.743214378049	65.4170219595215	35.6346103289409	48.0185958372311	5.45560975609756	8200	0.163424744897959
"8"	70	112.107875641026	112.125712217195	68.2164470547684	37.7667468697843	51.057285831625	5.3956043956044	9282	0.184988839285714
"9"	80	112.287326829501	112.161054069268	71.4325611954453	39.9750269658501	53.8875121243987	5.33575040549566	10481	0.208884725765306
"10"	90	112.359928890968	111.907792796394	75.573660005418	42.1923062735141	56.8608722434989	5.28865453308386	11758	0.234335140306122
"11"	100	112.380084687357	111.935325505857	79.826962351983	44.4730963649561	60.0129318404355	5.209797657082	13146	0.261997767857143
"12"	110	112.448600971275	112.055152903492	82.739522101144	46.6216599089873	62.7786683715771	5.16525452917269	14517	0.289321588010204
"13"	120	112.521489419604	112.109290054801	87.1721778555902	48.9135499840668	65.849906870763	5.09278864117574	16058	0.320033482142857
"14"	130	112.511614728156	111.956978834633	89.6010522224588	51.2168217404513	68.91975587856	5.04408273991183	17694	0.352638711734694
"15"	140	112.504351360702	111.931236643429	94.0315521342574	53.5040769375379	71.9249240240074	5.00387296669249	19365	0.385941485969388
"16"	150	112.569915696274	111.978901095528	97.2787543935846	55.8180185048372	75.01827056935	4.94168201350522	21177	0.422054368622449
"17"	160	112.550752676166	112.058130749848	100.360781881289	58.0922800501762	78.0120717650327	4.90285863237466	23018	0.458745216836735
"18"	170	112.608052073973	112.045758015083	104.03930365019	60.3995522132641	81.0892517919952	4.86569319640565	24928	0.496811224489796
"19"	180	112.645522659088	112.232046891415	107.419218410371	62.6900075613073	84.1519037076201	4.83866414056986	26919	0.536491549744898
"20"	190	112.808798574094	112.084310139239	110.125860221517	64.9733500054377	87.1650459799718	4.82562277580071	28943	0.57682955994898
"21"	200	112.914043168412	112.082587509638	115.109922823499	67.3146778137148	90.2819915909443	4.79072158324231	31126	0.620336415816326
"22"	210	112.735211749686	111.953686864962	118.52961001989	69.6501749455781	93.4035800314871	4.73740942571412	33398	0.665617028061224
"23"	220	112.557655976485	111.852818770117	122.884013181038	71.8767590235513	96.4252136998826	4.65702514083915	35679	0.711077008928571
"24"	230	112.696061858906	111.945967199209	126.653542908046	73.9947313620887	99.2482303610554	4.55667765326302	37925	0.755839445153061
"25"	240	112.48616840986	112.023857549565	130.925793463851	75.7754186831927	101.579744566843	4.47149986207588	39877	0.794742506377551
"26"	250	112.399774558674	111.858299758712	132.30871179916	77.4406957160914	103.753423813162	4.38713388619913	41722	0.831513073979592
"27"	260	112.291713672185	111.75649904522	135.422738642346	78.760001602918	105.416116227539	4.32471231100512	43189	0.860750159438776
"28"	270	112.168731994317	111.657430387237	138.742454134383	79.9790784116473	106.886876641098	4.27350734534346	44518	0.887236926020408
"29"	280	112.005261834692	111.591210777668	141.703624194382	81.0401706962572	108.105320428458	4.23116018226428	45648	0.909757653061224
"30"	290	111.970329908432	111.475937547027	145.116655608896	82.01402988263	109.236945195748	4.19012107575271	46665	0.930026307397959
"31"	300	111.998910136324	111.447160967674	148.433056171942	82.9130897029193	110.199552854616	4.15015343225861	47578	0.948222257653061
"32"	310	111.901508232709	111.463196546436	152.872637395956	83.5950670812447	110.911160269935	4.12228232709486	48249	0.96159518494898
"33"	320	111.784602256989	111.480572302037	155.752352532544	84.1747589100453	111.513640523691	4.09669617970159	48792	0.972417091836735
"34"	330	111.702876296087	111.493256986241	156.939618499564	84.6991149388706	112.031878246276	4.06818735286955	49276	0.982063137755102
"35"	340	111.655893216551	111.517578879811	157.100399162778	85.0676365882806	112.436309965374	4.04507610119948	49605	0.988620057397959
"36"	350	111.60002608242	111.497799713695	157.754002049369	85.332420288979	112.730360324794	4.02660406885759	49842	0.993343431122449
"37"	360	111.566261203585	111.47051056338	157.752520274447	85.4914838921374	112.933029963128	4.01528489116517	49984	0.996173469387755
"38"	370	111.535162179436	111.480286809938	157.723615328798	85.5831085051885	113.025285333102	4.00858831988496	50068	0.997847576530612
"39"	380	111.528358745111	111.488385088209	157.713078292872	85.6272717292635	113.08300714741	4.00542827492616	50108	0.998644770408163
"40"	390	111.519167098807	111.492580477881	157.703612003319	85.6601715509952	113.145782385889	4.00303163269376	50138	0.999242665816326
"41"	400	111.516690263016	111.502153582325	157.698137150424	85.6728400820815	113.159846255856	4.00215358232467	50149	0.999461894132653
"42"	410	111.514594465268	111.503847994258	157.697853175875	85.6801207803962	113.163226144238	4.0015950235266	50156	0.999601403061224
"43"	420	111.505661091953	111.502112942771	157.69030929723	85.6906279046182	113.184316949652	4.00071760320529	50167	0.999820631377551
"44"	430	111.497668068483	111.502730552289	157.688391921481	85.697687585143	113.188745061462	4.00023917246328	50173	0.999940210459184
"45"	440	111.499800693586	111.500657711165	157.685418207875	85.6990097485469	113.19164645219	4.00015944513094	50174	0.999960140306122
"46"	450	111.49986048551	111.500677641807	157.685390021817	85.6990301374581	113.191659658122	4.00015944513094	50174	0.999960140306122
"47"	460	111.497807673144	111.502192326856	157.687912622973	85.6998733354198	113.189312164565	4.00007972097658	50175	0.999980070153061
"48"	470	111.497827603388	111.502192326856	157.687898530163	85.6998874600493	113.189329331867	4.00007972097658	50175	0.999980070153061
"49"	480	111.497887394121	111.502192326856	157.68785625174	85.6999291833645	113.18938083378	4.00007972097658	50175	0.999980070153061
"50"	490	111.497907324365	111.502172396612	157.687828066118	85.6999573633914	113.189408125228	4.00007972097658	50175	0.999980070153061
"51"	500	111.497887394121	111.502152466368	157.687828066111	85.6999577584465	113.189401082069	4.00007972097658	50175	0.999980070153061
"52"	510	111.497907324365	111.502132536124	157.687799880489	85.6999859421019	113.189428373519	4.00007972097658	50175	0.999980070153061
"53"	520	111.5	111.5	157.6848122046	85.7012657947444	113.192314226718	4	50176	1
"54"	530	111.5	111.5	157.6848122046	85.7012657947444	113.192314226718	4	50176	1
"55"	540	111.5	111.5	157.6848122046	85.7012657947444	113.192314226718	4	50176	1
"56"	550	111.5	111.5	157.6848122046	85.7012657947444	113.192314226718	4	50176	1
"57"	560	111.5	111.5	157.6848122046	85.7012657947444	113.192314226718	4	50176	1
"58"	570	111.5	111.5	157.6848122046	85.7012657947444	113.192314226718	4	50176	1
"59"	580	111.5	111.5	157.6848122046	85.7012657947444	113.192314226718	4	50176	1
"60"	590	111.5	111.5	157.6848122046	85.7012657947444	113.192314226718	4	50176	1
"61"	600	111.5	111.5	157.6848122046	85.7012657947444	113.192314226718	4	50176	1
"62"	610	111.5	111.5	157.6848122046	85.7012657947444	113.192314226718	4	50176	1
"63"	620	111.5	111.5	157.6848122046	85.7012657947444	113.192314226718	4	50176	1
"64"	630	111.5	111.5	157.6848122046	85.7012657947444	113.192314226718	4	50176	1
"65"	640	111.5	111.5	157.6848122046	85.7012657947444	113.192314226718	4	50176	1
"66"	650	111.5	111.5	157.6848122046	85.7012657947444	113.192314226718	4	50176	1
"67"	660	111.5	111.5	157.6848122046	85.7012657947444	113.192314226718	4	50176	1
"68"	670	111.5	111.5	157.6848122046	85.7012657947444	113.192314226718	4	50176	1
"69"	680	111.5	111.5	157.6848122046	85.7012657947444	113.192314226718	4	50176	1
"70"	690	111.5	111.5	157.6848122046	85.7012657947444	113.192314226718	4	50176	1
"71"	700	111.5	111.5	157.6848122046	85.7012657947444	113.192314226718	4	50176	1
