"Time"	"xCenter"	"yCenter"	"MaximalerRadius"	"DurchschnittRadius"	"EightyProzentRadius"	"DurchschnittAnzahlZellen"	"AnzahlZellenSystem"	"Abdeckung"
"1"	0	111.995217218015	112	40.4635212921227	27.1335176556126	36.2330982430087	4	2509	0.0500039859693878
"2"	10	112.02463504631	111.870179743053	47.7790745266811	27.5087023033966	36.7401870918812	5.7866746340006	3347	0.0667051977040816
"3"	20	111.76517251462	112.096915181287	50.7382458591121	28.3115997271661	37.7827862548359	5.33520467836257	4275	0.0852000956632653
"4"	30	111.746568064388	111.949376848172	52.9605166887915	29.4087073224292	39.1596211017096	5.17806041335453	5032	0.100286989795918
"5"	40	112.03388167675	111.885555384615	55.852466939971	30.6298474821477	40.9474734996524	5.06516853932584	5785	0.115294164540816
"6"	50	112.209665633114	111.930139789216	59.1247249016171	32.1344155404442	43.0376716786664	5.00290209256148	6547	0.130480707908163
"7"	60	112.485159478641	111.742058741641	63.1034753319963	33.7492791872609	45.3102157183927	4.98812610891224	7327	0.146025988520408
"8"	70	112.575102059833	111.627673724865	66.1252713181702	35.38149887576	47.5063716315542	4.92447278077489	8156	0.162547831632653
"9"	80	112.698612685828	111.558617476049	69.1150547704237	37.150698233963	49.969250264272	4.88976984913556	9081	0.18098294005102
"10"	90	112.813787193731	111.272723211983	72.7765976411645	39.0164232089558	52.4455418175106	4.84594782263664	10081	0.200912786989796
"11"	100	112.804288444245	111.259920746403	75.0969969496168	40.8893086397828	54.9754233179129	4.81151079136691	11120	0.221619897959184
"12"	110	112.785163553847	111.315345457519	77.8672125282348	42.7489839977709	57.6050981549758	4.76572082754109	12229	0.243722098214286
"13"	120	112.871353290014	111.164592882217	81.719996962743	44.6365306520156	59.9987804059681	4.73269101501232	13389	0.266840720663265
"14"	130	112.96109898755	111.117134895335	84.2348215548762	46.5449217441253	62.5656811369676	4.70228485428923	14618	0.29133450255102
"15"	140	112.80616577708	111.308703522763	86.557578230484	48.485433551594	65.193304848686	4.67026687598116	15925	0.3173828125
"16"	150	112.72073293913	111.421840005797	89.404057306599	50.3772530970378	67.6146386738037	4.64197101449275	17250	0.343789859693878
"17"	160	112.634232046125	111.463300772325	92.3532917265344	52.3049808751217	70.1644522176516	4.61839635290963	18645	0.371591996173469
"18"	170	112.742129408538	111.550863085976	96.5507648647545	54.1974651885077	72.6687711357419	4.60033911829244	20052	0.399633290816327
"19"	180	112.865824958171	111.596620454545	99.2309004375645	56.067359855448	75.1859276751299	4.57966164714631	21516	0.428810586734694
"20"	190	112.880009133763	111.447844851447	100.840129651773	58.0406752095261	77.820003003632	4.55113955801583	23123	0.460837850765306
"21"	200	112.983034501074	111.350028698861	105.43533033593	59.864999236987	80.2098237797992	4.52434821392369	24663	0.49152981505102
"22"	210	112.798198907698	111.429176302185	107.926091309612	61.704328030639	82.6520516116262	4.51286743680659	26229	0.522739955357143
"23"	220	112.862495286231	111.266725318851	111.844416678755	63.583286476683	85.1485351803159	4.50077069218912	27897	0.55598294005102
"24"	230	112.776109704728	111.347599824122	114.797234750575	65.4165882535133	87.543031974919	4.48968409659744	29566	0.589245854591837
"25"	240	112.693636193031	111.256148588164	115.803894874818	67.2979601025476	90.0694005621478	4.46641755293667	31311	0.6240234375
"26"	250	112.776104025136	111.310971948072	117.390871938421	69.2712287257332	92.7659144450146	4.42650290496403	33219	0.662049585459184
"27"	260	112.763827418275	111.380390151685	120.516279718037	71.0635382857625	95.1980624029647	4.38823529411765	35020	0.697943239795918
"28"	270	112.688497314096	111.457928619319	124.013983805877	72.8326602722609	97.5795310396009	4.33781033781034	36855	0.734514508928571
"29"	280	112.670399833268	111.331307732669	126.23412281629	74.4023868465353	99.7145671935062	4.29915128863973	38529	0.767877072704082
"30"	290	112.513396599471	111.257351563611	127.977387198575	75.8011335869361	101.583577019646	4.25658814134558	40072	0.798628826530612
"31"	300	112.424112508826	111.194978569609	131.157162471297	77.1039367227333	103.251770679515	4.22063816977724	41525	0.827586894132653
"32"	310	112.342682150864	111.097414845563	134.659459758939	78.2853361969513	104.73670303625	4.18907052779075	42820	0.853396045918367
"33"	320	112.37654912494	111.137212637462	136.344706903734	79.3347741720149	106.024126154143	4.16554077106789	43965	0.876215720663265
"34"	330	112.246452630287	111.239520021049	139.481920006917	80.2511274878994	107.168739814398	4.1447166410787	44943	0.895707110969388
"35"	340	112.176803403601	111.296886237958	142.890809507593	81.1441085967107	108.210730705948	4.12410095462273	45882	0.914421237244898
"36"	350	112.187227193364	111.340883018475	144.933919606205	81.910624146009	109.087812956559	4.10681983796991	46658	0.929886798469388
"37"	360	112.050629029652	111.445018120084	147.321565455455	82.6661759225726	109.950271568116	4.08866018516566	47417	0.945013552295918
"38"	370	111.911542216731	111.511024756216	150.59141847365	83.2851922975445	110.611891104807	4.07384730725978	48018	0.956991390306122
"39"	380	111.769183809659	111.491194898893	152.541642930706	83.8111225156062	111.176568827739	4.06080844309773	48513	0.966856664540816
"40"	390	111.728798974936	111.543197363783	154.593355796025	84.2971619585457	111.667678575237	4.04959656827699	48955	0.975665656887755
"41"	400	111.686747659436	111.556656717663	156.886629421443	84.714276643973	112.073257315579	4.03629064958235	49324	0.983019770408163
"42"	410	111.60626526808	111.535926489619	157.231007589287	85.0458498116618	112.436725696282	4.02527614286866	49612	0.988759566326531
"43"	420	111.607521693055	111.540171716084	157.732470403357	85.2725195548418	112.668525809129	4.01650370429859	49807	0.992645886479592
"44"	430	111.56012345019	111.506129456196	157.731664704725	85.4371792412538	112.883661710265	4.01049049049049	49950	0.995495854591837
"45"	440	111.531607702179	111.504807109135	157.703765187785	85.5311215957581	112.981973923146	4.00651609034579	50030	0.997090242346939
"46"	450	111.520986002676	111.487949521775	157.70817265084	85.591869051207	113.038918939978	4.00427307761426	50081	0.998106664540816
"47"	460	111.534071635239	111.49544048688	157.712129932195	85.6319808975132	113.096436924775	4.00255412551132	50115	0.998784279336735
"48"	470	111.509642807283	111.49387726611	157.695960145317	85.6607459637655	113.146914312955	4.00155561317086	50141	0.999302455357143
"49"	480	111.499232303091	111.48334995015	157.697128811342	85.6715899338691	113.159108414636	4.00131605184447	50150	0.999481823979592
"50"	490	111.491476932892	111.488416603533	157.699029636187	85.6809488164434	113.162503597502	4.00083735396148	50158	0.999641262755102
"51"	500	111.499671091975	111.497069728501	157.687116803271	85.6897040532771	113.183166213288	4.00043854403381	50166	0.999800701530612
"52"	510	111.499730936342	111.50014947981	157.685108159548	85.6989591191131	113.192015775056	4.00007972256547	50174	0.999960140306122
"53"	520	111.497777777778	111.502092675635	157.687863298162	85.6999213320726	113.189382814879	4.00003986048829	50175	0.999980070153061
"54"	530	111.5	111.5	157.6848122046	85.7012657947444	113.192314226718	4	50176	1
"55"	540	111.5	111.5	157.6848122046	85.7012657947444	113.192314226718	4	50176	1
"56"	550	111.5	111.5	157.6848122046	85.7012657947444	113.192314226718	4	50176	1
"57"	560	111.5	111.5	157.6848122046	85.7012657947444	113.192314226718	4	50176	1
"58"	570	111.5	111.5	157.6848122046	85.7012657947444	113.192314226718	4	50176	1
"59"	580	111.5	111.5	157.6848122046	85.7012657947444	113.192314226718	4	50176	1
"60"	590	111.5	111.5	157.6848122046	85.7012657947444	113.192314226718	4	50176	1
"61"	600	111.5	111.5	157.6848122046	85.7012657947444	113.192314226718	4	50176	1
"62"	610	111.5	111.5	157.6848122046	85.7012657947444	113.192314226718	4	50176	1
"63"	620	111.5	111.5	157.6848122046	85.7012657947444	113.192314226718	4	50176	1
"64"	630	111.5	111.5	157.6848122046	85.7012657947444	113.192314226718	4	50176	1
"65"	640	111.5	111.5	157.6848122046	85.7012657947444	113.192314226718	4	50176	1
"66"	650	111.5	111.5	157.6848122046	85.7012657947444	113.192314226718	4	50176	1
"67"	660	111.5	111.5	157.6848122046	85.7012657947444	113.192314226718	4	50176	1
"68"	670	111.5	111.5	157.6848122046	85.7012657947444	113.192314226718	4	50176	1
"69"	680	111.5	111.5	157.6848122046	85.7012657947444	113.192314226718	4	50176	1
"70"	690	111.5	111.5	157.6848122046	85.7012657947444	113.192314226718	4	50176	1
"71"	700	111.5	111.5	157.6848122046	85.7012657947444	113.192314226718	4	50176	1
