"Time"	"xCenter"	"yCenter"	"MaximalerRadius"	"DurchschnittRadius"	"EightyProzentRadius"	"DurchschnittAnzahlZellen"	"AnzahlZellenSystem"	"Abdeckung"
"1"	0	111.995217218015	112	40.4635212921227	27.1335176556126	36.2330982430087	4	2509	0.0500039859693878
"2"	10	111.79652699938	112.082865251085	46.0414618898328	27.4438441214656	36.7229766470539	5.61934283942963	3226	0.0642936862244898
"3"	20	111.861965512048	112.098564407631	48.761485554507	27.9718966598288	37.2843174363598	5.30873493975904	3984	0.0794005102040816
"4"	30	112.080635612597	112.08530340811	51.4921248350768	28.6016500520789	38.1611105240218	5.0983606557377	4636	0.0923947704081633
"5"	40	112.173489655817	111.795148746727	53.7915956003085	29.628339566583	39.3227165470518	4.95173961840629	5346	0.106544961734694
"6"	50	111.960731222707	111.918741820625	56.0610515930814	30.5563622823186	40.7908736925892	4.87269062814914	5954	0.118662308673469
"7"	60	111.922998783118	111.895736906962	58.7708876240202	31.5773915063133	42.129585264636	4.83795440542206	6492	0.129384566326531
"8"	70	111.737636977853	112.025639038408	61.9103766851338	32.9174573831173	43.9077404944659	4.80880291561536	7134	0.142179528061224
"9"	80	111.673915800309	112.249002097272	64.4298744459273	34.2374205274017	45.7573720888141	4.79799279464745	7772	0.154894770408163
"10"	90	111.712990444655	112.305680499054	66.8830723391409	35.6693101459444	47.8004271347501	4.78287606433302	8456	0.168526785714286
"11"	100	111.777823608404	112.392253151397	69.2047550102048	37.2234914319033	49.9083916842945	4.75915096382933	9234	0.184032206632653
"12"	110	111.797397210044	112.572809505779	72.9360402089568	38.736705436536	51.973165085753	4.73375846950977	10036	0.200015943877551
"13"	120	111.78028508627	112.576887958884	75.2165867327003	40.334387814804	54.1398402874797	4.71806167400881	10896	0.217155612244898
"14"	130	111.731087806321	112.656176440764	78.4015723848906	41.9791783535442	56.3809639572297	4.68159540307588	11834	0.235849808673469
"15"	140	111.916192186648	112.748396229649	82.4939762652445	43.6201151619185	58.5110872891892	4.64937290644232	12837	0.255839445153061
"16"	150	112.092937640653	112.926430018149	85.6065630328408	45.1193024416204	60.5078221932636	4.63506352087114	13775	0.274533641581633
"17"	160	112.050640401107	112.779963258829	88.2151783072923	46.7356201807945	62.5921659054441	4.62178405023972	14809	0.295141103316327
"18"	170	112.055677601156	112.575482495602	89.9929992271863	48.3638928649735	64.7244767821634	4.58544860517718	15916	0.317203443877551
"19"	180	112.051991987293	112.469081391928	92.0241888536743	49.9040958524349	66.7627831732162	4.56947876220732	16998	0.338767538265306
"20"	190	112.05325862069	112.505772214854	94.6185476496424	51.4736836886235	68.872653084823	4.55747126436782	18096	0.360650510204082
"21"	200	112.102695515649	112.538095136762	99.1252908099675	53.0385598754218	70.9383672931519	4.53313956505943	19267	0.383988360969388
"22"	210	112.075510545029	112.458317938727	102.418591218173	54.6916287403185	73.1607328649947	4.51239588914325	20531	0.4091796875
"23"	220	111.949348798055	112.43731624461	103.568827977511	56.2914040827806	75.2693910066436	4.48931094595835	21798	0.434430803571429
"24"	230	111.97229643095	112.500581501665	105.535833123679	57.9392240275862	77.4953353627678	4.47575796894598	23121	0.460797991071429
"25"	240	112.12400599828	112.381471147152	108.473706152592	59.4957895493079	79.5971963345234	4.46025310234673	24417	0.486627072704082
"26"	250	112.075734327542	112.35057830024	110.07675414436	61.1257693339533	81.7475312053087	4.45559605987745	25786	0.513911033163265
"27"	260	112.057167654542	112.256080687385	111.908756014519	62.7447324356601	83.918062934385	4.44722324383965	27190	0.541892538265306
"28"	270	112.146460107581	112.392478722869	112.825725178138	64.3417461905572	86.0210275553128	4.43934151200587	28611	0.570212850765306
"29"	280	112.146623896339	112.249983600239	114.281472253796	65.9555904857584	88.1753351596915	4.41796797129377	30098	0.599848533163265
"30"	290	112.292858943085	112.236726878532	118.458612189549	67.6389048408306	90.4188230294653	4.39477256226522	31679	0.631357621173469
"31"	300	112.220583233942	112.204465931738	121.438388422511	69.2700026119359	92.620483952126	4.36562565751901	33269	0.663046077806122
"32"	310	112.375105859258	112.195487661089	123.655884450994	70.8348858322765	94.767415309918	4.33279761221444	34844	0.694435586734694
"33"	320	112.324604454745	112.136493292884	125.851134187341	72.3152458705751	96.781744731015	4.29656707803095	36383	0.725107621173469
"34"	330	112.2677035877	112.075315952699	127.687754011117	73.6654787772751	98.6243407452148	4.26503093437682	37822	0.753786670918367
"35"	340	112.131565583684	112.195479092903	130.405175483702	74.9398665048916	100.340054243443	4.23369800831357	39213	0.781509088010204
"36"	350	112.051263020117	112.276396916417	132.413019566183	76.0763168117497	101.84914252653	4.20764649185676	40463	0.806421396683674
"37"	360	112.019460973418	112.305565564002	134.470951790814	77.0710269538419	103.155990447513	4.18124082850201	41569	0.828463807397959
"38"	370	111.966810747217	112.277898590516	135.363931908414	77.9878009746737	104.319390892987	4.16219643947579	42578	0.848573022959184
"39"	380	111.996154395518	112.311512257601	136.924589437233	78.875539405131	105.434758771318	4.14232570956186	43548	0.867904974489796
"40"	390	112.008058683704	112.283044665474	139.224317981398	79.7036442845468	106.476280211558	4.1293633110526	44433	0.885542889030612
"41"	400	111.93757067373	112.154979571005	142.341345810275	80.4428692555284	107.372563837537	4.11555476906742	45208	0.900988520408163
"42"	410	111.927564502275	112.152072622972	145.0329305462	81.1406194654223	108.203444619904	4.1019488296135	45925	0.915278220663265
"43"	420	111.943756693215	112.213801289258	146.884154658005	81.7639461143291	108.943606185681	4.09016904010138	46557	0.927873883928571
"44"	430	112.101172412009	112.209216860012	150.367202531343	82.3556409130019	109.597557136847	4.07919910068509	47147	0.939632493622449
"45"	440	112.099668179096	112.207214104875	151.070520670424	82.9162197645295	110.223989144244	4.06667365551945	47695	0.950554049744898
"46"	450	112.107040801864	112.141120612844	153.862144124506	83.4102662071596	110.773809671894	4.05672286354954	48164	0.959901147959184
"47"	460	112.116949810295	112.0880635317	155.264538657294	83.8457648818498	111.203806743549	4.04768866467621	48565	0.967893016581633
"48"	470	112.048823124425	112.046189695427	156.557371255085	84.2369876261812	111.622579382718	4.03936959587907	48921	0.974988042091837
"49"	480	112.016376919914	112.043016720064	156.935708908351	84.5503605819573	111.948098786084	4.03264426692685	49197	0.980488679846939
"50"	490	111.93116192394	111.975661596349	157.043594296407	84.8561863774903	112.266000809852	4.0250702573745	49461	0.985750159438776
"51"	500	111.82624909458	111.854933197734	157.705830491615	85.1154907750153	112.513137431565	4.01779280639253	49683	0.990174585459184
"52"	510	111.760422976265	111.754262727534	157.680876247547	85.3017784156909	112.730122028084	4.01243955779378	49841	0.99332350127551
"53"	520	111.696328253939	111.671210633586	157.94470244292	85.4291064398262	112.860161328412	4.00844861758994	49949	0.995475924744898
"54"	530	111.628569511353	111.579219115051	157.719776642509	85.5265919426998	112.992155812545	4.00575654607236	50030	0.997090242346939
"55"	540	111.597931764189	111.551336574095	157.717795297377	85.5985164885978	113.063121073153	4.00335389590945	50091	0.998305963010204
"56"	550	111.553185971352	111.524717711367	157.73989971139	85.6416435386514	113.118189262519	4.00199497266887	50126	0.999003507653061
"57"	560	111.527438234062	111.518993399669	157.717644440716	85.6679688923566	113.159031530858	4.00107679116234	50149	0.999461894132653
"58"	570	111.518790996272	111.510626632374	157.705613714969	85.6774451399479	113.167435072273	4.00075762106984	50157	0.999621332908163
"59"	580	111.522794777235	111.506578291638	157.70558251766	85.6874471750932	113.171196818926	4.00043855277584	50165	0.999780771683674
"60"	590	111.514172098308	111.506348541928	157.699322585498	85.692683865977	113.177638343149	4.00027905678806	50169	0.999860491071429
"61"	600	111.512288220052	111.504315327885	157.696552786712	85.6937183699469	113.180755724696	4.000239186765	50170	0.999880420918367
"62"	610	111.508102128677	111.499990034282	157.690548425372	85.6962992358656	113.185223715493	4.00015945148689	50172	0.999920280612245
"63"	620	111.504354845139	111.499990034679	157.687898621604	85.6986484423085	113.188289983319	4.00007972256547	50174	0.999960140306122
"64"	630	111.502202291978	111.502092675635	157.687849205344	85.6999358107358	113.189392939016	4.00003986048829	50175	0.999980070153061
"65"	640	111.502202291978	111.502152466368	157.687891483761	85.6998943205601	113.189341437098	4.00003986048829	50175	0.999980070153061
"66"	650	111.5	111.5	157.6848122046	85.7012657947444	113.192314226718	4	50176	1
"67"	660	111.5	111.5	157.6848122046	85.7012657947444	113.192314226718	4	50176	1
"68"	670	111.5	111.5	157.6848122046	85.7012657947444	113.192314226718	4	50176	1
"69"	680	111.5	111.5	157.6848122046	85.7012657947444	113.192314226718	4	50176	1
"70"	690	111.5	111.5	157.6848122046	85.7012657947444	113.192314226718	4	50176	1
"71"	700	111.5	111.5	157.6848122046	85.7012657947444	113.192314226718	4	50176	1
