"Time"	"xCenter"	"yCenter"	"MaximalerRadius"	"DurchschnittRadius"	"EightyProzentRadius"	"DurchschnittAnzahlZellen"	"AnzahlZellenSystem"	"Abdeckung"
"1"	0	111.995217218015	112	40.4635212921227	27.1335176556126	36.2330982430087	4	2509	0.0500039859693878
"2"	10	112.102172436671	111.693768003619	46.549825357381	27.3877559130071	36.6070447342925	5.49819059107358	3316	0.0660873724489796
"3"	20	112.070056344811	111.516143558873	47.2343359214061	28.021624264173	37.4349047883095	5.0522513845413	4153	0.0827686543367347
"4"	30	111.973544298874	111.52093926305	49.2814444751749	28.7009104143896	38.4375901587299	4.79836233367451	4885	0.0973573022959184
"5"	40	111.858213503185	111.649804549591	51.642120763138	29.567002762019	39.5285202236814	4.67734303912648	5495	0.109514508928571
"6"	50	111.718949012833	111.516040013162	53.5285070726838	30.5698954581869	40.8965264969522	4.59262915432708	6078	0.121133609693878
"7"	60	111.700118361199	111.537208299443	55.2791186365133	31.6137651017355	42.3251668185229	4.5512878445549	6639	0.132314253826531
"8"	70	111.764835039041	111.732229280535	56.2956242468428	32.6253853288596	43.716945052856	4.53151143335192	7172	0.142936862244898
"9"	80	111.8931783234	111.644721041721	58.5672978107455	33.6969889200823	45.1601089705983	4.50660792951542	7718	0.153818558673469
"10"	90	111.923223472089	111.714910875842	60.2234935494811	34.909353357632	46.8123327936096	4.48700673724735	8312	0.165656887755102
"11"	100	112.009817849099	111.742550912162	63.0294591017702	36.0240853160626	48.3264422761197	4.47072072072072	8880	0.176977040816327
"12"	110	112.059837978142	111.60318746322	64.9896914371253	37.2310635270829	49.9376892237932	4.45145018915511	9516	0.189652423469388
"13"	120	112.118088215621	111.628698052331	66.8225767010748	38.4457121340791	51.5314784162411	4.43438914027149	10166	0.202606823979592
"14"	130	112.260367871709	111.453472932888	68.6665163563829	39.572599080244	53.030488961857	4.42621431219874	10788	0.21500318877551
"15"	140	112.42392259023	111.358571170148	70.2393933200525	40.7349586795732	54.5923078732483	4.41702350782138	11443	0.228057238520408
"16"	150	112.361011226594	111.400060546069	71.6935017467271	41.9049250346277	56.113373963251	4.4068299925761	12123	0.241609534438776
"17"	160	112.293547820354	111.404806647533	75.3043257012392	43.1864103564701	57.797204796522	4.39047471300031	12892	0.256935586734694
"18"	170	112.286256206846	111.312038276774	77.3817327138245	44.3595049224916	59.3822229851704	4.38857058909946	13614	0.27132493622449
"19"	180	112.402390478176	111.206753134557	79.128569396808	45.5742125028952	60.9900241244494	4.36919655268279	14388	0.286750637755102
"20"	190	112.342841828383	111.239111042904	81.193200471193	46.7390482055954	62.5337397742058	4.35881188118812	15150	0.301937181122449
"21"	200	112.252366221747	111.246432298684	82.3810831171535	47.8336915099557	64.0065941431629	4.35094125794875	15883	0.316545758928571
"22"	210	112.159411159159	111.11205848048	84.6665941194251	48.9628184367383	65.5286147349902	4.34282282282282	16650	0.331831951530612
"23"	220	112.109536728271	111.126416610402	87.1129894685374	50.1489131693672	67.1192373038973	4.34033300909767	17477	0.34831393494898
"24"	230	112.006593293681	111.181280634072	88.7401409556782	51.3529498750551	68.7102028801613	4.33678926115901	18326	0.365234375
"25"	240	111.999108187926	111.14381452159	90.8166760440293	52.531935126635	70.2988123601099	4.32220428147299	19199	0.382633131377551
"26"	250	111.983788692227	111.079751548088	91.7768272063287	53.6838496141954	71.8774554083078	4.31859201276362	20057	0.39973294005102
"27"	260	111.969989639015	110.968743366005	93.6762207944026	54.8105115603114	73.3415245255141	4.31365049007889	20915	0.41683274872449
"28"	270	111.964622314654	110.841363602706	94.986821358077	56.0400997385517	75.0184507031537	4.30212999360088	21878	0.436025191326531
"29"	280	111.782571896884	110.849137425595	97.0549630638479	57.2437342981978	76.6049135902982	4.29262955182073	22848	0.455357142857143
"30"	290	111.747483514774	110.79226917742	100.549688308474	58.406164138658	78.1467261685148	4.29212727501997	23791	0.474150988520408
"31"	300	111.658320900698	110.738407886143	102.728761278568	59.6118154250798	79.7520794209701	4.27859533120993	24803	0.494319993622449
"32"	310	111.66053581186	110.551638214064	104.454130288601	60.755413990982	81.2749370589568	4.28073579633654	25768	0.513552295918367
"33"	320	111.781330611636	110.444465452103	105.824104068182	61.9454619176484	82.8541420251946	4.27488151658768	26797	0.534060108418367
"34"	330	111.84319220782	110.47796919572	107.97101592005	63.1377801541508	84.4793799574403	4.27015187964525	27851	0.555066167091837
"35"	340	111.805927075664	110.539512514763	109.431542125165	64.3711375906663	86.1503686828577	4.25997168214939	28957	0.577108577806122
"36"	350	111.851354376497	110.634310643798	111.480111393332	65.5628924854472	87.736515144572	4.25492414160234	30056	0.599011479591837
"37"	360	111.760116043787	110.690386275561	114.034276786667	66.7367748016796	89.3182199544605	4.24962280504639	31151	0.620834661989796
"38"	370	111.752045604611	110.76052749767	114.520309816123	67.8205207976737	90.755232265121	4.24973591002299	32186	0.641462053571429
"39"	380	111.839931771936	110.682401696165	116.475322551217	68.9923551105032	92.3202294465779	4.24336814308006	33324	0.664142219387755
"40"	390	111.962031318661	110.596233193403	117.886504735172	70.115579421254	93.8145125050664	4.23245550361488	34441	0.686403858418367
"41"	400	111.926013487784	110.722935457989	119.559189114646	71.2905683034838	95.421855936817	4.22358887952822	35610	0.709701849489796
"42"	410	111.940895073026	110.764408103642	121.789424809889	72.3671297490735	96.86932923963	4.20886334540898	36713	0.731684470663265
"43"	420	111.973414942144	110.756545730778	122.426980684157	73.4518465043545	98.3206762574343	4.19378881987578	37835	0.754045758928571
"44"	430	111.96988670616	110.81354413057	124.667795007965	74.5090054081203	99.7912393062859	4.17310061601643	38960	0.776466836734694
"45"	440	111.987770833363	110.847876972961	126.792166092066	75.421429850781	101.018799382505	4.15707383020805	39943	0.79605787627551
"46"	450	111.874644512517	110.863213717059	128.745413535132	76.3147016274395	102.165915479627	4.14276634234587	40906	0.815250318877551
"47"	460	111.681513481359	110.79189544611	130.617458066922	77.153718899636	103.294802607556	4.12492526962718	41817	0.833406409438776
"48"	470	111.609170128396	110.871501991343	131.999127346451	77.9010892252541	104.287068681718	4.1130765260639	42626	0.849529655612245
"49"	480	111.608088041958	110.807752461931	132.657396915015	78.5564102843638	105.113917242625	4.1023794687161	43329	0.863540338010204
"50"	490	111.532053167416	110.816053926385	133.200495892555	79.2189885962416	105.951741013195	4.09118982742961	44040	0.877710459183674
"51"	500	111.454924759232	110.921208957589	134.925329577125	79.8243822277565	106.700692648679	4.08334452352178	44682	0.890505420918367
"52"	510	111.396788880796	110.965421066003	137.641648534741	80.342925069316	107.331188743959	4.07840796019901	45225	0.901327327806122
"53"	520	111.434958305898	111.040602045375	138.084471080492	80.810238501374	107.915191698535	4.07329132755754	45708	0.910953443877551
"54"	530	111.382690279389	111.07790373892	139.414810046122	81.3110726086437	108.498133954589	4.06860283933518	46208	0.920918367346939
"55"	540	111.410743882231	111.138789111899	140.239876175904	81.7862318001318	109.054175424417	4.06234467392236	46676	0.930245535714286
"56"	550	111.366593219921	111.228211693444	141.301574647636	82.2369417664177	109.54555680896	4.05751639535624	47117	0.939034598214286
"57"	560	111.311677296866	111.28419714045	145.051291526597	82.6774051735938	110.026093251138	4.05086243163652	47540	0.947464923469388
"58"	570	111.360969607487	111.359431173487	145.587309712846	83.0528645154019	110.449949690751	4.04643587923331	47894	0.954520089285714
"59"	580	111.333988520924	111.335784277687	146.122236801008	83.4315564100072	110.843938840455	4.04025287594569	48245	0.961515465561224
"60"	590	111.310153996107	111.394035649092	147.380699358237	83.7690594419639	111.191892118771	4.03608353585698	48554	0.967673788265306
"61"	600	111.322132923741	111.362054280793	149.919569309673	84.0413242951176	111.470079129502	4.03246300774685	48794	0.972456951530612
"62"	610	111.312251616779	111.362726637635	151.485014288209	84.3319634922742	111.759581803893	4.02772680937819	49050	0.977558992346939
"63"	620	111.296998798108	111.392879643208	152.341523058914	84.580733295372	111.988891077311	4.02521110750244	49264	0.981823979591837
"64"	630	111.321482915454	111.341876988719	153.769895419031	84.8185095593393	112.238975578958	4.0208232249717	49464	0.985809948979592
"65"	640	111.363490083342	111.345779282439	155.888330877532	85.0317884063687	112.46541400746	4.01752654163057	49639	0.989297672193878
"66"	650	111.363571411821	111.360552026381	156.622097184086	85.2392993048537	112.683138185689	4.01272887889496	49808	0.992665816326531
"67"	660	111.409221825837	111.357419342917	157.166568737524	85.3695124717527	112.819105868279	4.00997736060746	49913	0.994758450255102
"68"	670	111.445345155794	111.388429281242	157.567278121558	85.464411483206	112.924794774357	4.00720158434856	49989	0.996273118622449
"69"	680	111.472119528647	111.416864857557	157.645760796539	85.5307751169029	112.98848526978	4.00527567394736	50041	0.997309470663265
"70"	690	111.490116808026	111.450440930418	157.656762725461	85.5855624932413	113.044011278237	4.00371368673255	50085	0.998186383928571
"71"	700	111.498752868403	111.475526289534	157.70123692478	85.6241903597098	113.099397974119	4.0024743090891	50115	0.998784279336735
