"Time"	"xCenter"	"yCenter"	"MaximalerRadius"	"DurchschnittRadius"	"EightyProzentRadius"	"DurchschnittAnzahlZellen"	"AnzahlZellenSystem"	"Abdeckung"
"1"	0	111.995217218015	112	40.4635212921227	27.1335176556126	36.2330982430087	4	2509	0.0500039859693878
"2"	10	111.691446349299	112.211579731308	47.6652023214287	27.5814825410632	36.9216176299422	6.51693925233645	3424	0.0682397959183673
"3"	20	111.920238767123	112.19384652968	51.185804224585	28.7313103301358	38.3988030798623	5.96666666666667	4380	0.0872927295918367
"4"	30	111.856248755463	112.266317765533	56.125373816937	30.247881761872	40.6444230198257	5.73437203116093	5263	0.104890784438776
"5"	40	111.813231126578	112.367068177404	59.4126260368483	31.9587376803485	43.1248381465736	5.59695694399482	6178	0.123126594387755
"6"	50	111.900394131553	112.166802809067	63.6699808196472	33.9068374844379	45.8222027180132	5.4918648310388	7191	0.143315529336735
"7"	60	111.953728509144	112.320850878043	66.242542059497	35.9762084827932	48.5694021372045	5.36877800653991	8257	0.164560746173469
"8"	70	112.002922381513	112.233923387183	71.177501994319	38.112832433257	51.5328462218192	5.33304803680325	9347	0.186284279336735
"9"	80	111.859970955184	112.347237020509	75.5398035613024	40.2625278720714	54.3912030770412	5.28199772123054	10532	0.209901147959184
"10"	90	111.696089696203	112.607741628692	79.1749190231346	42.4858142113158	57.3634265633597	5.19713080168776	11850	0.23616868622449
"11"	100	111.64999094616	112.631094019482	82.4105588031013	44.7614449977372	60.3616430008877	5.13599637544363	13243	0.263930963010204
"12"	110	111.652041150051	112.520986927526	85.6162034773656	47.0183402823356	63.2898963815871	5.07288193263015	14695	0.292869100765306
"13"	120	111.519200579174	112.333903746149	88.5944479492506	49.2420339129545	66.253085267198	5.02292051756007	16230	0.323461415816327
"14"	130	111.319294250686	112.17151826121	91.8527608375602	51.5300801725425	69.236450445674	4.96523540278789	17863	0.356006855867347
"15"	140	111.366476015494	111.917685943632	98.0173974390895	53.9167563873956	72.4417350023238	4.92767952703736	19621	0.391043526785714
"16"	150	111.336655353809	112.020883191748	102.252810365308	56.259203974944	75.5817346505586	4.8884428678118	21424	0.426977040816327
"17"	160	111.586594930636	111.887273611648	104.867406406989	58.5715829533057	78.6772470440695	4.85805093845295	23283	0.46402662627551
"18"	170	111.651082640771	111.713961437942	107.369446455355	60.9800811184762	81.8458696652534	4.81550559133836	25307	0.504364636479592
"19"	180	111.722483579895	111.830884615891	111.231435221246	63.3120308643325	84.9919397112796	4.79660520924788	27336	0.544802295918367
"20"	190	111.714115092534	111.647657929514	114.223969422172	65.6587871536527	88.0608365617641	4.74536141921916	29481	0.587551817602041
"21"	200	111.792804439406	111.606339696843	117.2900456047	68.029836764364	91.2506720310562	4.69977312830855	31736	0.63249362244898
"22"	210	111.831510395332	111.420659054767	121.087609757544	70.330932787678	94.3871246363723	4.63462386453832	34017	0.677953603316326
"23"	220	111.823345357776	111.615737743265	125.734114255729	72.5476121855023	97.3359358127721	4.55528621012616	36302	0.723493303571429
"24"	230	111.849676344373	111.754973305026	129.005391523096	74.4759980429571	99.9075548649855	4.48414414883915	38377	0.764847735969388
"25"	240	111.739116584677	111.757905813604	132.123704607835	76.2857815848648	102.298066068518	4.40727254712541	40371	0.804587850765306
"26"	250	111.622427728991	111.741862904639	136.167741197625	77.855893135144	104.288341961573	4.3388092298927	42124	0.83952487244898
"27"	260	111.474091159584	111.775501729404	139.254976547731	79.2169430134655	105.919745253753	4.28680144867739	43626	0.86945950255102
"28"	270	111.483284492604	111.847486069355	143.837559638222	80.4392077879479	107.397790718677	4.23769379629424	44957	0.895986128826531
"29"	280	111.46107264963	111.857629909539	146.744709943615	81.5200334508597	108.647432852324	4.19745319652038	46097	0.918706154336735
"30"	290	111.477389323256	111.756589369635	150.355206926531	82.4599084599361	109.683707702876	4.15726183394238	47068	0.938058035714286
"31"	300	111.466736087732	111.720600068041	153.314157773371	83.2286575558878	110.529374587676	4.12926691611447	47839	0.953423947704082
"32"	310	111.485571635011	111.662695278987	155.266254173671	83.9375671737662	111.258202368533	4.09838835991921	48522	0.967036033163265
"33"	320	111.566646677974	111.631832114443	157.37812688076	84.5111906438333	111.833186775003	4.07273468555703	49055	0.977658641581633
"34"	330	111.628857707827	111.599926867905	157.352559857977	84.9422593257505	112.309729220748	4.04828436823908	49457	0.98567044005102
"35"	340	111.588660767852	111.60311634249	157.34901538242	85.2326374024523	112.601350876245	4.03080821284212	49727	0.99105149872449
"36"	350	111.555069212124	111.547406799014	157.757273780027	85.4369731344307	112.859256130873	4.01750836354895	49919	0.994878029336735
"37"	360	111.531575475281	111.530675889091	157.728830567769	85.5444963652049	112.988165748173	4.01095496071807	50023	0.996950733418367
"38"	370	111.526999780408	111.508663885174	157.710030757323	85.6173379111417	113.069047188004	4.00538997464716	50093	0.998345822704082
"39"	380	111.510882141717	111.490284870731	157.699376676747	85.6535566517606	113.140211826156	4.00331152250239	50128	0.999043367346939
"40"	390	111.500687963628	111.501156576533	157.686116491804	85.6729512140874	113.155660351334	4.00211374331977	50148	0.999441964285714
"41"	400	111.504635075058	111.502910627779	157.690147826959	85.6860836470855	113.178324150902	4.00099679033512	50161	0.999701052295918
"42"	410	111.507056009567	111.504135937811	157.692726120004	85.6953293911508	113.184468703402	4.00043850906916	50170	0.999880420918367
"43"	420	111.506696962449	111.504095910069	157.692443928672	85.6974331404111	113.18501181034	4.00027904010205	50172	0.999920280612245
"44"	430	111.506726859603	111.504225464402	157.692556677094	85.6973876658198	113.184960044619	4.00027904010205	50172	0.999920280612245
"45"	440	111.503228763902	111.500169410452	157.687215091568	85.6993894158245	113.189268307949	4.00011958384821	50174	0.999960140306122
"46"	450	111.503308486467	111.500159445131	157.687264418271	85.6993019314282	113.189198537553	4.00015944513094	50174	0.999960140306122
"47"	460	111.501863477828	111.497947184853	157.687581441976	85.7002013288848	113.189666294094	4.00003986048829	50175	0.999980070153061
"48"	470	111.5	111.5	157.6848122046	85.7012657947444	113.192314226718	4	50176	1
"49"	480	111.5	111.5	157.6848122046	85.7012657947444	113.192314226718	4	50176	1
"50"	490	111.5	111.5	157.6848122046	85.7012657947444	113.192314226718	4	50176	1
"51"	500	111.5	111.5	157.6848122046	85.7012657947444	113.192314226718	4	50176	1
"52"	510	111.5	111.5	157.6848122046	85.7012657947444	113.192314226718	4	50176	1
"53"	520	111.5	111.5	157.6848122046	85.7012657947444	113.192314226718	4	50176	1
"54"	530	111.5	111.5	157.6848122046	85.7012657947444	113.192314226718	4	50176	1
"55"	540	111.5	111.5	157.6848122046	85.7012657947444	113.192314226718	4	50176	1
"56"	550	111.5	111.5	157.6848122046	85.7012657947444	113.192314226718	4	50176	1
"57"	560	111.5	111.5	157.6848122046	85.7012657947444	113.192314226718	4	50176	1
"58"	570	111.5	111.5	157.6848122046	85.7012657947444	113.192314226718	4	50176	1
"59"	580	111.5	111.5	157.6848122046	85.7012657947444	113.192314226718	4	50176	1
"60"	590	111.5	111.5	157.6848122046	85.7012657947444	113.192314226718	4	50176	1
"61"	600	111.5	111.5	157.6848122046	85.7012657947444	113.192314226718	4	50176	1
"62"	610	111.5	111.5	157.6848122046	85.7012657947444	113.192314226718	4	50176	1
"63"	620	111.5	111.5	157.6848122046	85.7012657947444	113.192314226718	4	50176	1
"64"	630	111.5	111.5	157.6848122046	85.7012657947444	113.192314226718	4	50176	1
"65"	640	111.5	111.5	157.6848122046	85.7012657947444	113.192314226718	4	50176	1
"66"	650	111.5	111.5	157.6848122046	85.7012657947444	113.192314226718	4	50176	1
"67"	660	111.5	111.5	157.6848122046	85.7012657947444	113.192314226718	4	50176	1
"68"	670	111.5	111.5	157.6848122046	85.7012657947444	113.192314226718	4	50176	1
"69"	680	111.5	111.5	157.6848122046	85.7012657947444	113.192314226718	4	50176	1
"70"	690	111.5	111.5	157.6848122046	85.7012657947444	113.192314226718	4	50176	1
"71"	700	111.5	111.5	157.6848122046	85.7012657947444	113.192314226718	4	50176	1
