"Time"	"xCenter"	"yCenter"	"MaximalerRadius"	"DurchschnittRadius"	"EightyProzentRadius"	"DurchschnittAnzahlZellen"	"AnzahlZellenSystem"	"Abdeckung"
"1"	0	111.995217218015	112	40.4635212921227	27.1335176556126	36.2330982430087	4	2509	0.0500039859693878
"2"	10	111.948711986614	112.199456860359	44.6556538782675	27.5679425912125	36.7149828010963	5.84240949193794	3287	0.0655094068877551
"3"	20	111.997817233836	112.450109844434	46.5503526110332	28.2268734431959	37.6069151028621	5.35051045211473	4114	0.0819913903061224
"4"	30	112.109752022885	112.255887270127	49.1546561059252	29.1287194077178	38.9237444115029	5.05843890478137	4894	0.0975366709183673
"5"	40	112.373338563259	112.321879503217	51.9724545368496	30.1198370683324	40.3096321672601	4.91065046461758	5596	0.111527423469388
"6"	50	112.363701799936	112.320220786875	53.9347558274696	31.3065826126474	42.096798066757	4.7906976744186	6278	0.125119579081633
"7"	60	112.491651728608	112.321060314031	56.2958833157417	32.5695655744129	43.8130142702135	4.74042062806108	6942	0.13835299744898
"8"	70	112.434782916886	112.358133863756	58.9962383291911	33.8561909626084	45.5267051159668	4.69042609153077	7604	0.151546556122449
"9"	80	112.590833116492	112.3084096133	60.8200024293214	35.1991875181616	47.3605113907798	4.65245151186604	8301	0.165437659438776
"10"	90	112.564039948826	112.185132628768	62.7117398413065	36.4806798034073	49.1103484892683	4.6114139503838	8989	0.179149394132653
"11"	100	112.732994353257	112.184531795189	64.7808229602266	37.7475328785617	50.7269402146481	4.6010116651182	9687	0.193060427295918
"12"	110	112.812932488479	112.050848607911	68.3166475965533	39.0990843814015	52.5350882448586	4.57795698924731	10416	0.207589285714286
"13"	120	112.660407973868	112.068067907643	71.1015587173753	40.4396340370699	54.3040506592578	4.56058707714337	11174	0.222696109693878
"14"	130	112.519191000918	111.909648994073	73.1088427881203	41.8284645611448	56.1901010515507	4.54011186242591	11979	0.238739636479592
"15"	140	112.53257338628	111.830703425991	74.7867336786617	43.2782813735286	58.1840763194666	4.51841470061512	12843	0.255959024234694
"16"	150	112.622764406656	111.841169697854	77.9039201601366	44.6642660932448	59.9654004686098	4.50094876660342	13702	0.273078762755102
"17"	160	112.771029821551	111.829004118051	79.8239146677323	46.0167068258491	61.7292070164802	4.48908716540837	14570	0.290377869897959
"18"	170	112.705419502719	111.982933760684	81.3022554085339	47.3298122768916	63.4254617587183	4.47086247086247	15444	0.307796556122449
"19"	180	112.959002643306	111.802487528234	82.515907418768	48.7257065480809	65.2860707535835	4.45577193089555	16381	0.326470822704082
"20"	190	112.919935529574	111.902365576225	84.9341197998251	50.1377445728151	67.1797267832923	4.43828831423141	17363	0.346041932397959
"21"	200	112.921052544218	111.883878737415	87.9850842006338	51.5500639236393	69.1491951747948	4.42612244897959	18375	0.3662109375
"22"	210	113.000865934801	111.785512350884	90.1656871813493	52.9977833076409	71.0052110280992	4.41238173591115	19448	0.387595663265306
"23"	220	112.98803245088	111.824458714836	91.9727247462059	54.3897557739042	72.8590948073371	4.40466091365609	20511	0.408781090561224
"24"	230	112.963283632735	111.742243624379	94.4648043861108	55.7363611857152	74.69783760183	4.39381701712853	21543	0.429348692602041
"25"	240	112.994341721445	111.645218335024	96.4658013905494	57.153174113953	76.5578030655321	4.38628843693475	22667	0.451749840561224
"26"	250	113.019989605644	111.767046797699	98.1904485747014	58.5649549353959	78.4256436774311	4.38024442484566	23811	0.474549585459184
"27"	260	113.002564185916	111.717974386485	99.6787833285954	59.9513024025405	80.3379627453216	4.37207254093438	24979	0.497827646683673
"28"	270	113.004539902379	111.780798966595	101.550929963576	61.3987478914098	82.2261720727081	4.3666870042709	26224	0.522640306122449
"29"	280	112.901233237289	111.661483371143	104.521218253894	62.7546487012544	84.064757969442	4.35531402728135	27418	0.546436543367347
"30"	290	112.991768681798	111.661380071122	106.482714616878	64.1714576828833	85.970472763574	4.34410626503504	28683	0.571647799744898
"31"	300	112.980269363178	111.66103913467	108.83410716151	65.5735402367869	87.8311455711288	4.33705841144878	29977	0.597437021683674
"32"	310	113.000010593061	111.607715561301	111.466778164411	67.0263165282884	89.7478315346337	4.33176928724185	31329	0.624382174744898
"33"	320	113.107617499083	111.647301932791	115.026760087488	68.4511854856558	91.6553959378082	4.32674902152642	32704	0.651785714285714
"34"	330	113.152499167399	111.668477139773	116.501571551187	69.9203314363266	93.6142741579092	4.31634147770551	34134	0.680285395408163
"35"	340	113.245754223769	111.535499880818	118.474922713335	71.3426240471874	95.5308327954335	4.29742118732248	35559	0.708685427295918
"36"	350	113.326911194986	111.339070945582	120.871333152388	72.6850705449681	97.3410824271052	4.27512453974442	36936	0.736128826530612
"37"	360	113.202592721714	111.404002848106	123.119922058578	74.0244099492315	99.1581924815111	4.24871574226186	38349	0.764289700255102
"38"	370	113.085288783922	111.442571160525	125.349797267795	75.211542662925	100.725150593068	4.22200908632004	39620	0.789620535714286
"39"	380	112.834752098063	111.477929828421	126.581989170354	76.2836188571623	102.174494156977	4.19749877390878	40780	0.812739158163265
"40"	390	112.649891278845	111.507692786676	128.934186504	77.2414437174248	103.421603748913	4.17900954111767	41819	0.833446269132653
"41"	400	112.468953613312	111.567392187566	131.458756425568	78.1740934667412	104.64107638777	4.1581490906544	42833	0.853655133928571
"42"	410	112.366998561311	111.571727671012	133.637256229495	79.00996731609	105.693368909795	4.14183132089279	43728	0.871492346938776
"43"	420	112.206104216554	111.527236280652	137.018819496457	79.793872481536	106.638446267254	4.12563682474134	44557	0.88801419005102
"44"	430	112.114464221001	111.418600128859	138.569408457521	80.52658537371	107.507599570372	4.11548730169237	45321	0.903240593112245
"45"	440	112.065630155133	111.408229162679	139.803984904485	81.1705853477348	108.291246002526	4.10165289256198	45980	0.916374362244898
"46"	450	112.030143988131	111.316097820355	142.034032298035	81.7732803933345	108.987493018317	4.09229052197802	46592	0.928571428571429
"47"	460	111.9700113709	111.294459940491	143.94475947372	82.3578924121467	109.651241908377	4.08056138565583	47169	0.940070950255102
"48"	470	111.917184476827	111.379836451158	144.519285534265	82.8903873367788	110.220368754322	4.06857646170623	47684	0.950334821428571
"49"	480	111.905886262743	111.448647014094	146.829954377449	83.3301111188797	110.692731553384	4.06103442541161	48104	0.958705357142857
"50"	490	111.866882130463	111.394269180686	149.314260763966	83.7580845337289	111.141863732585	4.05327395678707	48504	0.966677295918367
"51"	500	111.81268139397	111.389991586074	150.9844339687	84.1536682869298	111.549887606075	4.04617368345648	48859	0.973752391581633
"52"	510	111.746526376741	111.364000892287	152.081379467486	84.5110086240232	111.898904825414	4.03652113793033	49177	0.980090082908163
"53"	520	111.665509447663	111.359480894011	154.729124285363	84.8141827343503	112.218467169719	4.02989542668743	49439	0.985311702806122
"54"	530	111.635046854291	111.403772361684	157.000027554727	85.05472017232	112.470623760118	4.0232070910556	49640	0.989317602040816
"55"	540	111.605025025602	111.423423579968	157.106090231764	85.2506319022577	112.657747114495	4.01759000823277	49801	0.992526307397959
"56"	550	111.523830041859	111.446732098338	157.664005919563	85.4056144106754	112.854492829289	4.01277788904466	49930	0.995097257653061
"57"	560	111.536197666134	111.466511379391	157.686735488153	85.509350835422	112.958026957153	4.00763740328288	50017	0.996831154336735
"58"	570	111.51247419984	111.478685026892	157.678562644054	85.5977267019075	113.047403306449	4.00443202235975	50090	0.998286033163265
"59"	580	111.514104175394	111.509894867038	157.701782118334	85.6419458884505	113.131991386184	4.00255351407425	50127	0.9990234375
"60"	590	111.514265859641	111.518603460702	157.708054353734	85.6626297183795	113.153470673562	4.00163532297629	50143	0.99934231505102
"61"	600	111.510378242578	111.513987199171	157.702041194334	85.6736089455313	113.159846379932	4.00119633920204	50153	0.999541613520408
"62"	610	111.51873891115	111.505960568547	157.702277633037	85.6858069937824	113.17282866181	4.00071766042701	50163	0.999740911989796
"63"	620	111.512438703504	111.507983494797	157.699252910972	85.689586341673	113.177544457249	4.00051827931268	50166	0.999800701530612
"64"	630	111.512199011322	111.50419590177	157.696405260364	85.6919132104694	113.179674988534	4.00043852655079	50168	0.99984056122449
"65"	640	111.505989515856	111.502252297144	157.690640068604	85.6952595583837	113.186026254669	4.00019931833131	50171	0.999900350765306
"66"	650	111.50594965219	111.502222399394	157.690590739716	85.6953570182454	113.186070672688	4.00031890933009	50171	0.999900350765306
"67"	660	111.505899822607	111.502421717725	157.690696441378	85.695502595333	113.18608542237	4.00019931833131	50171	0.999900350765306
"68"	670	111.50393630167	111.500129549169	157.687687218275	85.6990838472986	113.188630425871	4.00007972256547	50174	0.999960140306122
"69"	680	111.501853512706	111.502062780269	157.687581441989	85.7002006089931	113.189669815677	4.00003986048829	50175	0.999980070153061
"70"	690	111.501853512706	111.502082710513	157.687595534814	85.7001857524234	113.18965969154	4.00003986048829	50175	0.999980070153061
"71"	700	111.5	111.5	157.6848122046	85.7012657947444	113.192314226718	4	50176	1
