"Time"	"xCenter"	"yCenter"	"MaximalerRadius"	"DurchschnittRadius"	"EightyProzentRadius"	"DurchschnittAnzahlZellen"	"AnzahlZellenSystem"	"Abdeckung"
"1"	0	111.995217218015	112	40.4635212921227	27.1335176556126	36.2330982430087	4	2509	0.0500039859693878
"2"	10	111.828339285714	111.8214970964	43.3825182565953	27.4994104945401	36.7239098711533	6.34901277584204	3444	0.0686383928571429
"3"	20	111.843853019043	111.879593009754	45.870205519568	28.1637579375904	37.6985954845339	5.55364607524385	4306	0.0858179209183673
"4"	30	111.926066197183	111.971510950208	47.0876361966491	28.9826398285297	38.8522759844029	5.11961912318984	5041	0.100466358418367
"5"	40	111.652455031668	111.807654961295	48.6817121614229	29.8628898440417	40.1064014576711	4.91203377902885	5684	0.11328125
"6"	50	111.612651161311	111.928204438435	50.9682470031151	30.9269270958872	41.520274845567	4.76105631562202	6286	0.125279017857143
"7"	60	111.507902280651	111.979546862289	53.0405338360377	32.03302819434	43.0864345999767	4.67518884369553	6884	0.137197066326531
"8"	70	111.492906011809	112.069414774557	54.3007808944383	33.1208723919186	44.4959249875937	4.62372517444981	7452	0.148517219387755
"9"	80	111.415060695087	112.002748068509	57.0844080228637	34.2341967337097	46.006865470883	4.61507688461058	7999	0.159418845663265
"10"	90	111.464669913672	112.034807641157	59.1314168220993	35.3616315833314	47.5147226411073	4.57092860475968	8572	0.170838647959184
"11"	100	111.391043094043	112.053097981671	61.8609907158551	36.4859138721733	49.0309066383133	4.53065677503818	9166	0.182676977040816
"12"	110	111.351447007584	112.175851926624	63.6902340101523	37.6135315692641	50.5422492394826	4.53043656486985	9758	0.194475446428571
"13"	120	111.473323095491	112.19605625181	65.1380922874088	38.7321092619135	52.0425467466734	4.52814521579608	10357	0.206413424744898
"14"	130	111.525169828998	112.041588448244	67.0477707525905	39.8949925631733	53.5575422671184	4.51828269965436	10994	0.219108737244898
"15"	140	111.480908912671	112.198413150685	68.9354846559612	41.1015995868624	55.1578355650919	4.49691780821918	11680	0.232780612244898
"16"	150	111.465521167057	112.026883641801	71.435377813809	42.291033192831	56.7793628131238	4.4837953608664	12373	0.246591996173469
"17"	160	111.306013970081	112.164132067511	73.0985022146546	43.3941700653244	58.2189895754322	4.48454161871883	13035	0.259785554846939
"18"	170	111.210657314149	112.316930724511	75.5020430937291	44.5739645058259	59.8334114286837	4.4652278177458	13761	0.27425462372449
"19"	180	111.215558810982	112.282900935801	77.4143539188822	45.7888140116823	61.4277208041783	4.44863414298493	14533	0.289640465561224
"20"	190	111.229476440235	112.320688523841	78.8171766354282	46.994178200972	62.9993912342752	4.43919007184846	15310	0.305125956632653
"21"	200	111.164368455375	112.358205962363	80.3292746368717	48.1655658038373	64.5512275329693	4.43127756039998	16101	0.320890465561224
"22"	210	111.12610008286	112.403281107955	82.2391305616794	49.3179605561177	66.1414255112011	4.41418087121212	16896	0.336734693877551
"23"	220	111.108869041838	112.317917491954	84.7947127761239	50.4586025559554	67.6256893732913	4.40268759527977	17711	0.352977519132653
"24"	230	111.098667116121	112.360175028316	86.5115553889559	51.6301950463874	69.1834304904975	4.39825252143897	18541	0.369519292091837
"25"	240	110.983478642828	112.347034052968	88.3410779140742	52.7997426218475	70.7442463854439	4.38777823577906	19408	0.386798469387755
"26"	250	110.889671524222	112.387346824537	90.3646229068228	54.0092450619162	72.3928138403036	4.38381252461599	20312	0.404815051020408
"27"	260	110.905541967306	112.274716713641	93.0564571317602	55.2692519561719	74.0340464461696	4.36649755730928	21288	0.424266581632653
"28"	270	110.916713926725	112.424010932794	94.5591424705836	56.4966469005802	75.7139903177935	4.35729377388177	22245	0.443339445153061
"29"	280	111.054953282186	112.476205715271	96.3338170337905	57.6850889188928	77.2554469811648	4.35679496573424	23201	0.462392378826531
"30"	290	110.907471014313	112.462687192852	98.1217672488255	58.872413389548	78.8315507963854	4.34284768759825	24174	0.481784119897959
"31"	300	110.998964428355	112.482706126183	99.4774917540004	60.0191047093281	80.3680848605291	4.33558755668709	25138	0.500996492346939
"32"	310	111.083061106859	112.470410965248	101.925963034432	61.1833682183995	81.89037260979	4.33557868952848	26128	0.520727040816326
"33"	320	111.062865639269	112.548893202239	103.407598678706	62.3709942522245	83.4957167590043	4.33208130799823	27156	0.541214923469388
"34"	330	111.041464296092	112.613766149321	105.92547868701	63.576109298511	85.0837212810589	4.33145529924524	28221	0.562440210459184
"35"	340	111.035370289534	112.68600735259	108.200973951472	64.7994055668282	86.7107988847479	4.32527367595403	29323	0.584402901785714
"36"	350	111.001944552568	112.772379850746	110.008323820366	65.9969297862316	88.3058696160389	4.31455059504241	30418	0.606226084183674
"37"	360	111.04818794099	112.838800329949	111.891233531189	67.1694907857279	89.9016828159925	4.30723350253807	31520	0.628188775510204
"38"	370	110.972983766591	112.782063728668	114.097971979747	68.4217604257044	91.5581516634902	4.29757171692458	32698	0.651666135204082
"39"	380	110.949906908167	112.792877149569	116.160843597388	69.6079494858592	93.1676627403342	4.29322775085687	33844	0.674505739795918
"40"	390	110.924263441907	112.827924229803	117.687118531568	70.8080156217253	94.7651573125272	4.28375677990294	35030	0.698142538265306
"41"	400	110.800607265694	112.741759647436	119.844161226478	71.9695410481293	96.2641108356511	4.28647214854111	36192	0.721301020408163
"42"	410	110.745596962696	112.81260124054	121.758167362941	73.153040104166	97.8422089258368	4.28469046663993	37395	0.74527662627551
"43"	420	110.689398125437	112.74295621127	123.706193193185	74.3529786045284	99.4432683992589	4.28027851836513	38633	0.769949776785714
"44"	430	110.770663265758	112.695463585123	125.71142134297	75.55592660564	101.03910552683	4.27177263727726	39901	0.795220822704082
"45"	440	110.848322948241	112.66173233821	128.157951793039	76.732186792702	102.626883884757	4.25660964230171	41152	0.82015306122449
"46"	450	111.007132510475	112.686227995744	129.837142534189	77.7825866813621	104.038818667943	4.23621488697626	42292	0.842873086734694
"47"	460	111.101333254469	112.585301403497	131.698377720001	78.805820565682	105.352432786577	4.20973092517508	43408	0.865114795918367
"48"	470	111.191223880709	112.514808072948	133.902383178049	79.7467006719725	106.553654648641	4.17970244660019	44429	0.885463169642857
"49"	480	111.201515239349	112.441766383602	135.669099557976	80.5852953151716	107.589333583026	4.15440284182424	45323	0.903280452806122
"50"	490	111.26435157424	112.292863106321	137.63052820048	81.3512517753637	108.509389301955	4.12567737460441	46134	0.919443558673469
"51"	500	111.220122893004	112.180716623304	139.727168506946	82.0099146305935	109.266427611599	4.10782868738652	46815	0.933015784438776
"52"	510	111.269978096796	112.196315591836	141.326688116613	82.5689135379303	109.897882263697	4.09346110008865	47378	0.944236288265306
"53"	520	111.322047690316	112.074999805205	143.951365017553	83.0886149450991	110.448450360783	4.08161901380506	47881	0.95426100127551
"54"	530	111.305106963079	111.966095808423	146.181068889179	83.55836878245	110.961345971224	4.07015728476821	48320	0.963010204081633
"55"	540	111.316927752167	111.972690378866	147.67977891588	83.9562136775768	111.357401324987	4.0600123228589	48690	0.97038424744898
"56"	550	111.333790390822	111.903365508866	149.374174831437	84.3113809858569	111.717548324917	4.05231905646132	49007	0.976702008928571
"57"	560	111.403262771576	111.797443988857	151.532501927132	84.6064873749725	112.008286841149	4.0447755135179	49268	0.981903698979592
"58"	570	111.422178237017	111.71703710019	153.604746706929	84.8642666204839	112.269568586516	4.03786929636665	49486	0.986248405612245
"59"	580	111.44446567084	111.734576605201	155.793845628535	85.0981163079424	112.518037731653	4.03023288581148	49681	0.990134725765306
"60"	590	111.470652698623	111.740451827085	157.182927892756	85.2733543078677	112.699623287122	4.0232800834872	49828	0.993064413265306
"61"	600	111.450345671845	111.664010783752	157.604022396293	85.4275907145997	112.871365236265	4.01621556694427	49952	0.995535714285714
"62"	610	111.460343793724	111.614547937837	157.631893466096	85.5233721294952	112.984277008804	4.01131321207276	50030	0.997090242346939
"63"	620	111.486390142589	111.57015616887	157.724807606703	85.5791905550642	113.040612428404	4.00810800015976	50074	0.997967155612245
"64"	630	111.495709781698	111.536875922896	157.713922745352	85.6271823398912	113.094571003403	4.00494871692541	50114	0.998764349489796
"65"	640	111.495463156845	111.513999401735	157.697919451008	85.6644875079175	113.152359909946	4.00243294446106	50145	0.999382174744898
"66"	650	111.49696969697	111.512141148325	157.695540172329	85.6827991149413	113.167817516037	4.00127591706539	50160	0.99968112244898
"67"	660	111.506677696494	111.506458428848	157.694100847984	85.6905282034925	113.18302527283	4.00071760320529	50167	0.999820631377551
"68"	670	111.50229216081	111.505999481772	157.690675303087	85.6955257514776	113.18600957071	4.00039863666261	50171	0.999900350765306
"69"	680	111.500159451487	111.508112094395	157.690661171051	85.6964546349541	113.185079934054	4.00031890297377	50172	0.999920280612245
"70"	690	111.500199306414	111.504344879818	157.688025456746	85.6987032935043	113.188226416786	4.00015944513094	50174	0.999960140306122
"71"	700	111.500259098338	111.504344879818	157.688067735241	85.6987419178406	113.188203437937	4.00015944513094	50174	0.999960140306122
