"Time"	"xCenter"	"yCenter"	"MaximalerRadius"	"DurchschnittRadius"	"EightyProzentRadius"	"DurchschnittAnzahlZellen"	"AnzahlZellenSystem"	"Abdeckung"
"1"	0	111.995217218015	112	40.4635212921227	27.1335176556126	36.2330982430087	4	2509	0.0500039859693878
"2"	10	112.190500602954	112.107737533916	46.0667067577095	27.4690237983428	36.6610589033107	5.92583659933675	3317	0.0661073022959184
"3"	20	112.226678612032	112.130168024633	49.4962789298608	28.3447619554912	37.9033626020573	5.45286594031265	4222	0.0841438137755102
"4"	30	112.207220688283	112.292209051124	52.0317745348056	29.3605924796446	39.3263159553852	5.20230753928785	5027	0.100187340561224
"5"	40	112.111297530005	112.073875056532	55.0801302043456	30.561891632225	41.0884250592134	5.07288224038963	5749	0.11457669005102
"6"	50	112.158679944717	112.095266001228	56.8224729396515	31.8817214336415	42.8835942206034	4.95239557739558	6512	0.129783163265306
"7"	60	112.22059311674	112.020110104626	59.4813399760492	33.4114881804065	44.9818231961782	4.90666299559471	7264	0.144770408163265
"8"	70	112.32204516169	112.025480956511	63.5052689886563	35.0215912248281	47.1393325859735	4.85962086482468	8071	0.160853794642857
"9"	80	112.306458628443	112.196138392355	65.7588894599497	36.6127332898645	49.3183060377321	4.82023608768971	8895	0.177275988520408
"10"	90	112.030568996033	112.196951673278	68.4729780544259	38.3687959391872	51.6957721547317	4.78262638592208	9831	0.195930325255102
"11"	100	111.912510490946	112.218436783648	71.2203947913146	39.9742106336766	53.7816343783704	4.74780660817622	10714	0.213528380102041
"12"	110	111.977957624658	112.369753714139	74.1211811497424	41.6895668280971	56.073719272448	4.71226092896175	11712	0.233418367346939
"13"	120	111.866000924982	112.388110880301	76.7012364433166	43.4489004731477	58.3909730351698	4.67962687152152	12757	0.254245057397959
"14"	130	111.824367889578	112.721630856278	80.6235036220185	45.2128796921112	60.7401130491357	4.65374081014848	13874	0.276506696428571
"15"	140	111.802191656055	112.682573580859	82.8109444109374	46.823398891384	62.8753308681937	4.62810803565445	14921	0.297373246173469
"16"	150	111.84273044639	112.772927702241	85.3178476243615	48.56605992663	65.212602614841	4.60011175265413	16107	0.321010044642857
"17"	160	111.600053646255	112.82716201528	86.749878544283	50.2645599387144	67.4427381605973	4.58722074314157	17278	0.344347895408163
"18"	170	111.670289117885	112.761096574049	89.4359138356645	51.9932512058666	69.7737681814865	4.56261127596439	18535	0.369399713010204
"19"	180	111.883384513163	112.769794194331	92.4559458926593	53.6989990790885	72.0765238226082	4.55105856197261	19791	0.394431600765306
"20"	190	111.697648886998	112.733231088426	96.4161306750858	55.4947424037886	74.4000662139827	4.53981757171889	21159	0.421695631377551
"21"	200	111.74718256576	112.806112642813	98.9228586479281	57.26848453396	76.7787086534868	4.52439996457355	22582	0.450055803571429
"22"	210	111.695464401483	112.834601154119	100.759652594964	59.0059103705585	79.0818925628635	4.50981209116287	24001	0.478336256377551
"23"	220	111.835700927726	112.815040574195	104.084877708152	60.7937908090567	81.4710264953009	4.49878498079486	25514	0.508490114795918
"24"	230	111.745945021989	112.982420324846	107.118916325346	62.5857296308744	83.8719375797832	4.48782290550279	27059	0.539281728316326
"25"	240	111.576808339214	112.871780614498	111.840010342204	64.3368995214299	86.2376505200519	4.46805240174672	28625	0.570491868622449
"26"	250	111.361402710971	112.828297025622	112.369365349858	66.046598445624	88.540086685274	4.45544226694915	30208	0.602040816326531
"27"	260	111.344565443543	112.951924176565	114.863278940066	67.8428409396688	90.9127005458247	4.43392146416372	31909	0.635941485969388
"28"	270	111.418666346072	112.978763601985	117.464588442427	69.6313202441516	93.2722439823567	4.40199690954475	33652	0.670679209183674
"29"	280	111.377353585205	112.675514786076	121.48224245123	71.358719761399	95.637306170994	4.36800316464638	35391	0.705337213010204
"30"	290	111.363598047798	112.504733205882	124.911404390537	72.9345954660251	97.7402660495058	4.32999378898761	37031	0.738022161989796
"31"	300	111.53767172246	112.404155106922	125.322652760847	74.3877154498262	99.7177463316291	4.28806136463759	38589	0.769072863520408
"32"	310	111.530930065662	112.454565697222	128.123921274719	75.7333275683033	101.530991612093	4.25366243230428	40069	0.798569036989796
"33"	320	111.569321263117	112.318318073194	131.090797043084	76.8584080499762	102.95659437954	4.2260962204305	41301	0.823122608418367
"34"	330	111.68577455607	112.242538371967	133.152642074891	77.9808195850197	104.372518130439	4.1964923829227	42536	0.847735969387755
"35"	340	111.630534626181	112.190363776777	135.017993080201	78.9945765986693	105.663500221598	4.17354424575883	43620	0.869339923469388
"36"	350	111.714669393219	112.182792473797	137.728912212564	79.9526796677721	106.832089026413	4.14960136164114	44652	0.889907525510204
"37"	360	111.744554898651	112.098466966122	139.747207704496	80.8328137292585	107.899542141853	4.12673614920461	45575	0.908302774234694
"38"	370	111.805855670614	112.013802775239	143.047675364958	81.5982446516279	108.780938873538	4.11351281387523	46356	0.923867984693878
"39"	380	111.87957598974	111.988595894641	144.824084889914	82.3152412669281	109.567907589766	4.0947808908809	47077	0.938237404336735
"40"	390	111.924681605965	111.947571415031	147.604001875906	82.9245037313472	110.232884397392	4.08083731856699	47676	0.950175382653061
"41"	400	111.889667233823	111.884974866088	150.490323383709	83.5046059435138	110.890533815581	4.06908133435615	48233	0.961276307397959
"42"	410	111.900435512128	111.874834352262	152.086139797504	83.9995566821642	111.36017122654	4.05812162411945	48691	0.970404177295918
"43"	420	111.831437576785	111.846588381971	155.27791110369	84.4516220585856	111.840010787681	4.04546010020775	49098	0.978515625
"44"	430	111.724381298074	111.790440784983	156.931416538317	84.826452087124	112.197965581348	4.03500323729362	49424	0.985012755102041
"45"	440	111.715890801574	111.699613015562	157.696596033253	85.1138791832519	112.504846791261	4.02504479474945	49671	0.989935427295918
"46"	450	111.643504679742	111.72390535208	157.628174439941	85.3129061903052	112.731446868238	4.01697397724765	49841	0.99332350127551
"47"	460	111.597948650614	111.648683594007	157.859211613702	85.4483007874888	112.877618179097	4.01132929001782	49959	0.995675223214286
"48"	470	111.571961447155	111.579638177767	157.690276908932	85.5457990209197	113.005697629026	4.00707391643187	50043	0.997349330357143
"49"	480	111.559095566934	111.563666972751	157.771618462001	85.6051776879613	113.070240353672	4.00423204375774	50094	0.99836575255102
"50"	490	111.535807863159	111.527824335648	157.7298070649	85.6396920146982	113.11208978341	4.00283297422392	50124	0.998963647959184
"51"	500	111.520852037935	111.522666992361	157.715584811254	85.6578042447761	113.143400286101	4.00199445541395	50139	0.999262595663265
"52"	510	111.519132602193	111.516440677966	157.709966323717	85.6706649328552	113.161242207954	4.00135593220339	50150	0.999481823979592
"53"	520	111.503398987281	111.507306327499	157.69238202948	85.6843892228206	113.175610518263	4.00071767473386	50162	0.999720982142857
"54"	530	111.495814231613	111.504145903927	157.690703586595	85.6935765882713	113.18661678873	4.00031891568667	50170	0.999880420918367
"55"	540	111.497986884854	111.506218731937	157.690633027535	85.6950970334866	113.185934999698	4.00023918199757	50171	0.999900350765306
"56"	550	111.504065850839	111.504125642763	157.69060446528	85.6988893278348	113.18694290947	4.00007972256547	50174	0.999960140306122
"57"	560	111.502182361734	111.502152466368	157.687877390947	85.6999085420385	113.189351561243	4.00003986048829	50175	0.999980070153061
"58"	570	111.5	111.5	157.6848122046	85.7012657947444	113.192314226718	4	50176	1
"59"	580	111.5	111.5	157.6848122046	85.7012657947444	113.192314226718	4	50176	1
"60"	590	111.5	111.5	157.6848122046	85.7012657947444	113.192314226718	4	50176	1
"61"	600	111.5	111.5	157.6848122046	85.7012657947444	113.192314226718	4	50176	1
"62"	610	111.5	111.5	157.6848122046	85.7012657947444	113.192314226718	4	50176	1
"63"	620	111.5	111.5	157.6848122046	85.7012657947444	113.192314226718	4	50176	1
"64"	630	111.5	111.5	157.6848122046	85.7012657947444	113.192314226718	4	50176	1
"65"	640	111.5	111.5	157.6848122046	85.7012657947444	113.192314226718	4	50176	1
"66"	650	111.5	111.5	157.6848122046	85.7012657947444	113.192314226718	4	50176	1
"67"	660	111.5	111.5	157.6848122046	85.7012657947444	113.192314226718	4	50176	1
"68"	670	111.5	111.5	157.6848122046	85.7012657947444	113.192314226718	4	50176	1
"69"	680	111.5	111.5	157.6848122046	85.7012657947444	113.192314226718	4	50176	1
"70"	690	111.5	111.5	157.6848122046	85.7012657947444	113.192314226718	4	50176	1
"71"	700	111.5	111.5	157.6848122046	85.7012657947444	113.192314226718	4	50176	1
