"Time"	"xCenter"	"yCenter"	"MaximalerRadius"	"DurchschnittRadius"	"EightyProzentRadius"	"DurchschnittAnzahlZellen"	"AnzahlZellenSystem"	"Abdeckung"
"1"	0	111.995217218015	112	40.4635212921227	27.1335176556126	36.2330982430087	4	2509	0.0500039859693878
"2"	10	111.930868153248	112.009287548638	44.9898244516506	27.4092316812166	36.7020959691645	5.88506435199042	3341	0.066585618622449
"3"	20	112.078512785496	111.898928631976	50.0294936678468	28.2106254025501	37.7523684681894	5.39251236166706	4247	0.0846420599489796
"4"	30	112.266618555467	112.097724600958	53.1047923073489	29.2988142893718	39.2125769494767	5.18116520351157	5012	0.0998883928571429
"5"	40	112.334125437836	112.095100762962	54.3670826194109	30.6405338401843	41.165984412169	5.03589387896653	5767	0.114935427295918
"6"	50	112.482643823664	112.197289070871	56.8956914420709	32.0487591177597	42.946988920689	4.93953773151691	6533	0.13020169005102
"7"	60	112.506541296552	111.869424	59.6313639090895	33.4457081281614	44.9636364853691	4.90041379310345	7250	0.144491390306122
"8"	70	112.49430266567	111.918743024415	62.3276721328326	34.9864933377317	47.047292031238	4.87120079720977	8028	0.15999681122449
"9"	80	112.469513444245	111.920723471223	65.074395014132	36.620268995416	49.2022477926484	4.82756294964029	8896	0.177295918367347
"10"	90	112.396283511125	111.914872010566	68.3083148764734	38.3731258969592	51.5963941628306	4.77374784110535	9843	0.196169483418367
"11"	100	112.448885516793	112.107098812396	71.1813558972891	40.0765907668429	53.9550937289855	4.7498608276118	10778	0.214803890306122
"12"	110	112.733064426911	111.954109697124	73.5771163863672	41.8061345818626	56.217504044667	4.71706116908458	11787	0.234913105867347
"13"	120	112.76223745809	111.861705925926	77.0559410603389	43.5209950536913	58.5099279853792	4.68865497076023	12825	0.255600286989796
"14"	130	112.761577847965	111.587658581581	79.0827889553837	45.2938998728814	60.8691658107134	4.64891249730816	13931	0.277642697704082
"15"	140	112.650076517115	111.4903215221	82.2011540680955	47.0218612309437	63.2308538715595	4.62572283150548	15045	0.299844547193878
"16"	150	112.718871903118	111.353554505115	85.273073983355	48.7625498832443	65.4943466853097	4.59854554418834	16226	0.323381696428571
"17"	160	112.741228984675	111.383123210698	88.1551881454822	50.4770642506577	67.7828981309055	4.57670894794238	17423	0.347237723214286
"18"	170	112.755591963377	111.398561391016	91.2194649280308	52.1925830424342	70.0481335731411	4.55715586014885	18677	0.37222975127551
"19"	180	112.653757358699	111.591282426463	93.8148813926079	53.8482755762463	72.2446215534982	4.53910249974902	19922	0.397042410714286
"20"	190	112.613572672885	111.637318843037	95.6670883369637	55.5281975375905	74.4732722546842	4.51742980968532	21228	0.423070790816327
"21"	200	112.584700070953	111.640463924612	99.1898387196653	57.1930120816115	76.6231877210221	4.51228381374723	22550	0.449418048469388
"22"	210	112.558803978935	111.581710198111	101.019774075293	58.881840105316	78.9110912195617	4.4979520187244	23926	0.476841517857143
"23"	220	112.607870881392	111.571212091092	104.452533435599	60.6207506543972	81.2129410492157	4.4780537731764	25403	0.506277901785714
"24"	230	112.465981996806	111.710967811165	107.341015567899	62.3791227720357	83.5647308120728	4.47171563347324	26923	0.536571269132653
"25"	240	112.402470757576	111.614047505962	109.69160846156	64.1670411643553	85.902079949563	4.45082772166105	28512	0.568239795918367
"26"	250	112.421465740193	111.604535047995	111.650088643115	65.9062781114244	88.3047984816437	4.4413591523566	30107	0.600027901785714
"27"	260	112.358447628593	111.690196963061	115.500664587237	67.6373256935072	90.5799553031963	4.42939989914271	31728	0.632334183673469
"28"	270	112.382709827568	111.718510776724	117.369612987615	69.3687780617465	92.93002027367	4.41064160881015	33416	0.665975765306122
"29"	280	112.294295099678	111.682760797654	119.246681420691	71.0734016865441	95.2320427445073	4.37849841983885	35123	0.699996014030612
"30"	290	112.155786153047	111.810110251652	122.678213173076	72.6742604194125	97.3469324644598	4.34177249612487	36773	0.732880261479592
"31"	300	111.990666447259	111.740667971379	125.388140977394	74.1426576722292	99.3395209041257	4.30274726708237	38329	0.763891103316326
"32"	310	111.78782314596	111.855897495636	127.28136929422	75.5589256478908	101.231705224048	4.25731052816372	39874	0.794682716836735
"33"	320	111.614865613832	111.836848710556	130.3945365994	76.77887342742	102.842370379313	4.22572191215724	41210	0.821308992346939
"34"	330	111.528189472579	111.790220340264	131.470520304714	77.9246091917412	104.306811120362	4.1949278263122	42467	0.84636080994898
"35"	340	111.387662373048	111.733732508039	135.288254658801	78.9053558402641	105.561029034725	4.17080117603822	43536	0.867665816326531
"36"	350	111.322105472182	111.742622862986	136.8450940748	79.8232219282463	106.672968662296	4.1513892320478	44521	0.887296715561224
"37"	360	111.336199407313	111.684863086799	139.951011409012	80.6770287203193	107.694588651073	4.13106742686068	45427	0.905353156887755
"38"	370	111.287338302632	111.590408167745	142.108136809944	81.4579182106284	108.603161545231	4.11468495165582	46231	0.921376753826531
"39"	380	111.302036156811	111.486704972096	145.092378610538	82.1362562987217	109.379598580126	4.1006608399062	46910	0.934909119897959
"40"	390	111.302909497569	111.432080812522	147.155496217059	82.7612385762758	110.062316163783	4.0897821740503	47515	0.946966677295918
"41"	400	111.227385754636	111.407780967965	150.166021298647	83.3810016543974	110.725851472089	4.07724929319807	48104	0.958705357142857
"42"	410	111.200441095937	111.340848510683	153.514405158757	83.8962835588245	111.275912541734	4.06294253252099	48584	0.968271683673469
"43"	420	111.220917022672	111.303074202167	155.935887097701	84.3502187505941	111.730269285314	4.05052648763366	49004	0.976642219387755
"44"	430	111.322827377631	111.297135551498	156.710493019973	84.7645344221415	112.150653385255	4.03799801502907	49371	0.983956473214286
"45"	440	111.344855505491	111.362412323548	157.477819790783	85.0669457205658	112.464140003004	4.02663657794524	49631	0.989138233418367
"46"	450	111.402842134445	111.434074800329	157.569496610979	85.3285669509705	112.746669280532	4.01600577652085	49857	0.993642378826531
"47"	460	111.437865158864	111.469948013265	157.749999766959	85.4725929781472	112.927213548488	4.00976390556222	49980	0.99609375
"48"	470	111.469680015586	111.492300109304	157.711697127192	85.5472779717837	112.99568362562	4.00679402126129	50044	0.997369260204082
"49"	480	111.479049380565	111.505888928814	157.695463570188	85.6079482173061	113.05456679775	4.00431189363996	50094	0.99836575255102
"50"	490	111.489377830085	111.505266202549	157.696047025989	85.6517920357932	113.139180034581	4.00235383295765	50131	0.999103156887755
"51"	500	111.490887337986	111.499361914257	157.691707138319	85.6736041675585	113.154310169645	4.00135593220339	50150	0.999481823979592
"52"	510	111.489773338915	111.49304268086	157.696963130489	85.6867117537939	113.174473619566	4.00071766042701	50163	0.999740911989796
"53"	520	111.495644807654	111.494598365557	157.691711324721	85.6950143011505	113.185653705815	4.0003587801475	50170	0.999880420918367
"54"	530	111.498206206525	111.493811412513	157.690456630929	85.697780201547	113.186570363542	4.00011958623164	50173	0.999940210459184
"55"	540	111.502062780269	111.497967115097	157.687708277218	85.7000776499506	113.189515309947	4.00003986048829	50175	0.999980070153061
"56"	550	111.502052815147	111.49802690583	157.687658952389	85.7001265110999	113.189571873923	4.00007972097658	50175	0.999980070153061
"57"	560	111.5	111.5	157.6848122046	85.7012657947444	113.192314226718	4	50176	1
"58"	570	111.5	111.5	157.6848122046	85.7012657947444	113.192314226718	4	50176	1
"59"	580	111.5	111.5	157.6848122046	85.7012657947444	113.192314226718	4	50176	1
"60"	590	111.5	111.5	157.6848122046	85.7012657947444	113.192314226718	4	50176	1
"61"	600	111.5	111.5	157.6848122046	85.7012657947444	113.192314226718	4	50176	1
"62"	610	111.5	111.5	157.6848122046	85.7012657947444	113.192314226718	4	50176	1
"63"	620	111.5	111.5	157.6848122046	85.7012657947444	113.192314226718	4	50176	1
"64"	630	111.5	111.5	157.6848122046	85.7012657947444	113.192314226718	4	50176	1
"65"	640	111.5	111.5	157.6848122046	85.7012657947444	113.192314226718	4	50176	1
"66"	650	111.5	111.5	157.6848122046	85.7012657947444	113.192314226718	4	50176	1
"67"	660	111.5	111.5	157.6848122046	85.7012657947444	113.192314226718	4	50176	1
"68"	670	111.5	111.5	157.6848122046	85.7012657947444	113.192314226718	4	50176	1
"69"	680	111.5	111.5	157.6848122046	85.7012657947444	113.192314226718	4	50176	1
"70"	690	111.5	111.5	157.6848122046	85.7012657947444	113.192314226718	4	50176	1
"71"	700	111.5	111.5	157.6848122046	85.7012657947444	113.192314226718	4	50176	1
