"Time"	"xCenter"	"yCenter"	"MaximalerRadius"	"DurchschnittRadius"	"EightyProzentRadius"	"DurchschnittAnzahlZellen"	"AnzahlZellenSystem"	"Abdeckung"
"1"	0	111.995217218015	112	40.4635212921227	27.1335176556126	36.2330982430087	4	2509	0.0500039859693878
"2"	10	111.82244736377	111.956450751105	46.071426654323	27.5301260272319	36.8903289485106	5.83917525773196	3395	0.0676618303571429
"3"	20	112.06542941452	112.081415831382	48.1241430619065	28.3717901740798	37.9362009105085	5.38969555035129	4270	0.0851004464285714
"4"	30	112.370440607625	112.077743625894	51.2978856437426	29.4095653759851	39.3488235942323	5.16759332803813	5036	0.100366709183673
"5"	40	112.510765207651	111.968424383939	54.4466055691632	30.634621677473	41.079441630565	5.01361364811305	5803	0.115652901785714
"6"	50	112.491850658298	111.996392131047	56.4381949789283	31.9957624748877	43.0220745485138	4.93723208818126	6532	0.130181760204082
"7"	60	112.306644704416	112.063591291707	59.5032044719494	33.285039958073	44.7620272604248	4.8891042503115	7223	0.143953284438776
"8"	70	112.588564509264	111.80165512018	62.387865957387	34.8677728050878	47.009672516566	4.86254381572359	7988	0.159199617346939
"9"	80	112.689342472266	112.010412225492	64.7240633399662	36.4779784079694	49.1094004759813	4.81005207154177	8834	0.176060267857143
"10"	90	112.656433821709	112.058883924887	68.6929721868742	38.0622171874574	51.1966591924149	4.7705323978539	9692	0.193160076530612
"11"	100	112.60826004686	112.057580974695	70.5820987453744	39.8426497190929	53.5742373703783	4.7360824742268	10670	0.212651466836735
"12"	110	112.798777642311	112.249251300764	73.4397172764727	41.5053289340826	55.7898693536306	4.7115995535331	11647	0.232122927295918
"13"	120	112.735595424116	112.401218169646	76.9844039346285	43.2685155482357	58.1316754269275	4.68110577301725	12697	0.253049266581633
"14"	130	112.723291475577	112.41852164956	78.6009278498312	44.9570274671397	60.3783876489706	4.65429132998471	13737	0.273776307397959
"15"	140	112.669120817068	112.356956481357	82.2579355599039	46.7311941047193	62.7925745273736	4.63602099878853	14858	0.296117665816327
"16"	150	112.849596148324	112.191785098945	84.4160556778783	48.4545131266431	65.124864244975	4.60603033897247	16019	0.319256218112245
"17"	160	112.800530830384	112.117115743051	88.3178801830043	50.2099926356415	67.4162313764667	4.58480821679336	17233	0.343451052295918
"18"	170	112.812652469403	112.081116522257	91.1174359823583	51.9246948706776	69.7186962063536	4.56644644210982	18466	0.368024553571429
"19"	180	112.917529614409	112.122387483511	93.8166877497967	53.6165452474204	71.9473772937679	4.56235413495688	19710	0.392817283163265
"20"	190	112.977006639379	112.154315153967	95.7759472241623	55.3289467190431	74.2404090477615	4.54466707914902	21011	0.418746014030612
"21"	200	113.032574083467	112.165300298096	99.2575352112281	57.1695691655234	76.7298256340158	4.52625022245951	22476	0.447943239795918
"22"	210	113.111939693954	112.05893809265	101.368288511657	58.9198587818492	78.9985333554888	4.50380466594197	23918	0.476682079081633
"23"	220	113.146667324286	112.132298697835	103.380799592195	60.7826837577979	81.4493769022966	4.47897709444619	25496	0.50813137755102
"24"	230	113.155477418997	112.194023268605	106.281978056723	62.5549019064641	83.9214022476801	4.47011392217784	27036	0.538823341836735
"25"	240	113.090459987405	112.09798269216	108.885873015649	64.2664485270841	86.1555648769141	4.44956792499038	28583	0.56965481505102
"26"	250	112.990334780891	111.883654301839	110.614021516664	65.9192627308162	88.3229427931501	4.43463249452228	30122	0.600326849489796
"27"	260	113.043346523796	111.824717959662	114.51028947944	67.6141171764574	90.6045788153727	4.42097959441133	31707	0.631915656887755
"28"	270	112.965597083093	111.62220081903	117.095704666413	69.3030286380948	92.8208499006536	4.40302267002519	33348	0.664620535714286
"29"	280	112.793571029762	111.503580609014	119.605140017692	71.0312249081915	95.1659626787333	4.37670334682707	35078	0.699099170918367
"30"	290	112.79066267446	111.424875106807	121.818670551996	72.6342933782846	97.296512102975	4.34437518713084	36739	0.732202646683674
"31"	300	112.713766629031	111.426386231004	123.820844300622	74.1174864337345	99.2947669805768	4.30414361757645	38324	0.763791454081633
"32"	310	112.489485251294	111.392248109223	128.2224132968	75.4741554687463	101.054292688884	4.26750439808997	39790	0.793008609693878
"33"	320	112.356279143645	111.332200318804	130.439142839366	76.7244193429808	102.722629597597	4.23267001968073	41157	0.820252710459184
"34"	330	112.191413036333	111.228588920162	132.797048060257	77.8469407112367	104.191663790354	4.2022837729439	42386	0.844746492346939
"35"	340	112.078426413568	111.169627802271	135.602810962175	78.8961989966489	105.498003920232	4.17759801443214	43514	0.867227359693878
"36"	350	112.012368852833	111.090423900871	137.148889658862	79.8557149906894	106.720440678049	4.15116279069767	44548	0.887834821428571
"37"	360	111.873508208045	111.102631848644	140.493180930502	80.6364120904573	107.6207824317	4.13440599515098	45370	0.904217155612245
"38"	370	111.797525029792	111.156775438585	143.208072010484	81.3937108158318	108.501724545086	4.11687214265595	46153	0.919822225765306
"39"	380	111.737749757586	111.178638880265	145.46343107858	82.0947326309843	109.320833575254	4.10084930220648	46862	0.933952487244898
"40"	390	111.666993325789	111.168919444582	147.023450092543	82.7286836232475	110.023371707691	4.08716890554596	47494	0.946548150510204
"41"	400	111.60785623539	111.176394852024	151.466305117665	83.3414815921472	110.681764055307	4.07266752630922	48082	0.958266900510204
"42"	410	111.538288870543	111.245819973099	154.514867630171	83.8417693938922	111.229725829518	4.06129889390101	48549	0.967574139030612
"43"	420	111.49778742416	111.288406435461	155.777642732359	84.2603449453301	111.632478748327	4.05096869124499	48932	0.975207270408163
"44"	430	111.49076031686	111.312437015918	156.334208853909	84.6220737694682	111.985074415831	4.04141963778121	49252	0.981584821428571
"45"	440	111.457941283367	111.369581752892	157.091460949492	84.9486912833352	112.339916909667	4.03000020188561	49533	0.987185108418367
"46"	450	111.448038684424	111.425543717159	157.315976055514	85.220231255417	112.609559053805	4.02089906155176	49763	0.991768973214286
"47"	460	111.457141427284	111.475626407815	157.637272426785	85.4118550657806	112.852894760986	4.01245818895588	49927	0.995037468112245
"48"	470	111.487376059491	111.462957780265	157.702082445849	85.5248244790872	112.97588432057	4.00775627698705	50024	0.996970663265306
"49"	480	111.489541517759	111.487901052169	157.700762720636	85.5973125208883	113.044667948354	4.00459200990277	50087	0.998226243622449
"50"	490	111.490945071828	111.488414471868	157.686602284428	85.6356550870173	113.124711154581	4.00275339185954	50120	0.998883928571429
"51"	500	111.4933293449	111.496908964004	157.691714782884	85.6658376868298	113.150116757934	4.00163525775252	50145	0.999382174744898
"52"	510	111.482804338291	111.499950157502	157.69700708362	85.6806530112747	113.166702243805	4.00095697595598	50158	0.999641262755102
"53"	520	111.487032016267	111.492125513337	157.699550097882	85.6851565923705	113.171773450497	4.00067780391531	50162	0.999720982142857
"54"	530	111.493212669683	111.497637889449	157.691281867327	85.69072362233	113.184316488167	4.00055813582634	50167	0.999820631377551
"55"	540	111.49138927646	111.49138927646	157.696989606612	85.6946094593264	113.180523165392	4.000239186765	50170	0.999880420918367
"56"	550	111.495694809854	111.491608865503	157.693789888319	85.6965043389297	113.183431237636	4.00015945148689	50172	0.999920280612245
"57"	560	111.49985052019	111.495964045123	157.687771777797	85.6990298038465	113.188530766145	4.00007972256547	50174	0.999960140306122
"58"	570	111.50187344295	111.497927254609	157.687602581199	85.7001798129017	113.1896475863	4.00007972097658	50175	0.999980070153061
"59"	580	111.501893373194	111.497947184853	157.687602581176	85.7001811635126	113.189640543135	4.00007972097658	50175	0.999980070153061
"60"	590	111.5	111.5	157.6848122046	85.7012657947444	113.192314226718	4	50176	1
"61"	600	111.5	111.5	157.6848122046	85.7012657947444	113.192314226718	4	50176	1
"62"	610	111.5	111.5	157.6848122046	85.7012657947444	113.192314226718	4	50176	1
"63"	620	111.5	111.5	157.6848122046	85.7012657947444	113.192314226718	4	50176	1
"64"	630	111.5	111.5	157.6848122046	85.7012657947444	113.192314226718	4	50176	1
"65"	640	111.5	111.5	157.6848122046	85.7012657947444	113.192314226718	4	50176	1
"66"	650	111.5	111.5	157.6848122046	85.7012657947444	113.192314226718	4	50176	1
"67"	660	111.5	111.5	157.6848122046	85.7012657947444	113.192314226718	4	50176	1
"68"	670	111.5	111.5	157.6848122046	85.7012657947444	113.192314226718	4	50176	1
"69"	680	111.5	111.5	157.6848122046	85.7012657947444	113.192314226718	4	50176	1
"70"	690	111.5	111.5	157.6848122046	85.7012657947444	113.192314226718	4	50176	1
"71"	700	111.5	111.5	157.6848122046	85.7012657947444	113.192314226718	4	50176	1
