"Time"	"xCenter"	"yCenter"	"MaximalerRadius"	"DurchschnittRadius"	"EightyProzentRadius"	"DurchschnittAnzahlZellen"	"AnzahlZellenSystem"	"Abdeckung"
"1"	0	111.995217218015	112	40.4635212921227	27.1335176556126	36.2330982430087	4	2509	0.0500039859693878
"2"	10	111.92068739272	111.826641225215	45.4257103211654	27.456181546826	36.7194747869799	5.87807043503995	3379	0.0673429528061224
"3"	20	112.029983157153	111.896715409913	48.8290466862501	28.2997106729327	37.8039714795358	5.4287056612638	4257	0.0848413584183673
"4"	30	111.834356335244	111.862896283851	52.3370859390023	29.4741689049345	39.4382730187312	5.19865586084206	5059	0.100825095663265
"5"	40	111.886613757875	111.889988012941	55.2472210631711	30.8231495807115	41.4050036037012	5.03660820704921	5873	0.117047991071429
"6"	50	111.998445370093	111.785134806713	57.9116549220159	32.3735005847252	43.5272510696498	4.95564878633503	6674	0.133011798469388
"7"	60	111.887109771115	111.723139633249	62.047471645143	33.874061972658	45.5727709822628	4.88957301566055	7471	0.148895886479592
"8"	70	111.686240983408	111.891082947802	63.854336635225	35.3693857858805	47.5876560258275	4.83202131524767	8257	0.164560746173469
"9"	80	111.888029353562	111.842083619173	65.8848074915702	36.9830805955488	49.8493000596177	4.79551451187335	9096	0.181281887755102
"10"	90	111.865364299328	111.913828889558	68.6902352868319	38.6109452064921	51.9641338687301	4.78804293309259	9969	0.198680644132653
"11"	100	112.104723818248	111.886047636497	72.3701611743473	40.323338883151	54.2131988863823	4.76071821179919	10916	0.217554209183673
"12"	110	112.242979140435	111.887062914463	74.9538847966646	42.0426435654801	56.4834378194142	4.72038949047259	11913	0.237424266581633
"13"	120	112.291534265465	111.952818188121	77.5768386326004	43.798958485258	58.9359398433964	4.69131808027117	12981	0.258709343112245
"14"	130	112.199115975074	111.995020818581	80.3616683530277	45.6031395005391	61.2906849273497	4.65883019402351	14122	0.281449298469388
"15"	140	112.007244025735	111.93634975709	84.3905373765545	47.2923256250946	63.5415973845742	4.62920168067227	15232	0.303571428571429
"16"	150	111.865979101288	111.813824262776	87.4245489172462	48.9806922937216	65.7285376969796	4.60980523841504	16379	0.326430963010204
"17"	160	111.63918823864	111.744671478132	88.6638919435742	50.6982681937651	68.0275022866221	4.59000170619348	17583	0.35042649872449
"18"	170	111.698039461148	111.810023136777	91.4053060743583	52.4945518286048	70.4741779056951	4.55759051450349	18892	0.376514668367347
"19"	180	111.495095685166	111.815854803353	94.8905768325505	54.1932013161469	72.7273721257672	4.54614888657442	20163	0.401845503826531
"20"	190	111.82763519188	111.869941397849	97.4500215081784	56.0028798532671	75.1529888768333	4.5214126807564	21576	0.43000637755102
"21"	200	112.037690471826	111.850502322029	100.585077743208	57.6477902914031	77.2490317562612	4.50264065296146	22911	0.456612723214286
"22"	210	112.133094008952	111.848046499405	102.226160342329	59.3816288304564	79.5777551629876	4.48996016917834	24353	0.4853515625
"23"	220	112.349626977609	112.05836362439	104.877418383139	61.1033981897505	81.8620414698171	4.4754784225614	25814	0.514469068877551
"24"	230	112.524968575551	112.060122718507	107.784282978397	62.9035485758116	84.289310596444	4.45984148434932	27379	0.545659279336735
"25"	240	112.587028082659	112.190446914414	110.861828969406	64.7376358933218	86.7496275915011	4.43981401756501	29035	0.578663105867347
"26"	250	112.574658486816	112.229749414241	114.504431016249	66.4798416898186	89.082480545207	4.42624983683592	30644	0.610730229591837
"27"	260	112.475520356037	112.191003317554	115.968806997538	68.2116309014392	91.4024699346899	4.41405572755418	32300	0.643734056122449
"28"	270	112.346115942972	112.25631898419	119.239151964705	69.9155675565271	93.6713126703336	4.39127362656774	33966	0.676937181122449
"29"	280	112.337786478858	112.209854312556	121.071688772564	71.6069902913475	95.9230769428385	4.36339165545087	35664	0.71077806122449
"30"	290	112.28375756055	112.204204403611	123.886247594245	73.2102788656999	98.0858019470211	4.32486004339324	37333	0.744040975765306
"31"	300	112.188551260558	111.990206096209	125.951302880619	74.6792512386827	100.041032453206	4.2825857858887	38905	0.775370695153061
"32"	310	112.19856774401	111.995508693015	127.919796444588	76.0041440993126	101.851445325028	4.2445176797086	40357	0.804308832908163
"33"	320	112.241751746903	112.041543722369	129.370001778291	77.1810935088244	103.353304184749	4.21053389667755	41656	0.830197704081633
"34"	330	112.22023489486	112.000830925763	131.737370899447	78.2853388097184	104.77808361374	4.18336598563299	42876	0.854512117346939
"35"	340	112.29758378429	111.859964117145	134.745966849638	79.2476914898786	105.967846368079	4.16033697632058	43920	0.87531887755102
"36"	350	112.254865570002	111.828098000089	136.876797986159	80.1146832871111	107.063636347984	4.13668086244955	44849	0.893833705357143
"37"	360	112.223592663068	111.738315182177	139.136106740848	80.8878031625159	107.96487131767	4.11839943932193	45659	0.909976881377551
"38"	370	112.134162739637	111.673470062632	142.079177546091	81.5732233709558	108.752077667563	4.10688866842083	46366	0.924067283163265
"39"	380	112.053028775437	111.72531851029	143.754780964913	82.1972123502355	109.446712156336	4.09206410010854	46989	0.936483577806122
"40"	390	112.056925773395	111.664934350804	149.171188721309	82.8046906808372	110.120228036756	4.0799831879794	47585	0.948361766581633
"41"	400	111.946438935865	111.643634208689	150.361912280582	83.3372864872124	110.688649574602	4.07108097991099	48086	0.958346619897959
"42"	410	111.935650897339	111.575870289899	153.302647637391	83.8343693250455	111.210667235404	4.06195929801434	48548	0.967554209183674
"43"	420	111.84481593149	111.597800463344	154.72662859204	84.2721330845164	111.650933276532	4.05148951820522	48942	0.975406568877551
"44"	430	111.82994556253	111.613560476924	156.15962911311	84.6454550666482	112.024928846422	4.04079396005845	49272	0.981983418367347
"45"	440	111.74322341413	111.592798153674	156.942657309186	84.9534272779629	112.329799862008	4.03035930561163	49540	0.987324617346939
"46"	450	111.631224814837	111.60309845277	157.351259299597	85.2193575001419	112.625881286287	4.02105813088995	49767	0.991848692602041
"47"	460	111.598800335718	111.544851229329	157.786393811839	85.3799502818652	112.807517013474	4.01402749388802	49902	0.994539221938776
"48"	470	111.549139580917	111.484777602271	157.730324819477	85.5113316918189	112.96219549774	4.00855760387092	50014	0.996771364795918
"49"	480	111.538794508814	111.497132001078	157.71427409231	85.6036534000989	113.058039617935	4.00463138562274	50093	0.998345822704082
"50"	490	111.533381881409	111.507724478872	157.713879834212	85.6380876320717	113.117774188165	4.0027931846295	50122	0.998923788265306
"51"	500	111.509821517599	111.500747831289	157.692285993398	85.665386054992	113.150415815256	4.00151560474624	50145	0.999382174744898
"52"	510	111.511643671744	111.491446686339	157.69909364508	85.6778878547685	113.161555802865	4.00119626764495	50156	0.999601403061224
"53"	520	111.506119804645	111.497049735872	157.691225727662	85.6886930153382	113.181923946412	4.00055815807834	50165	0.999780771683674
"54"	530	111.50430536177	111.494937213474	157.691436486697	85.6944393433933	113.185985684227	4.00031891568667	50170	0.999880420918367
"55"	540	111.498076654774	111.493661929723	157.690653938423	85.6974496249841	113.186402295781	4.00019931038606	50173	0.999940210459184
"56"	550	111.497807673144	111.4977877429	157.687926715784	85.69985921108	113.189302040418	4.00007972097658	50175	0.999980070153061
"57"	560	111.5	111.5	157.6848122046	85.7012657947444	113.192314226718	4	50176	1
"58"	570	111.5	111.5	157.6848122046	85.7012657947444	113.192314226718	4	50176	1
"59"	580	111.5	111.5	157.6848122046	85.7012657947444	113.192314226718	4	50176	1
"60"	590	111.5	111.5	157.6848122046	85.7012657947444	113.192314226718	4	50176	1
"61"	600	111.5	111.5	157.6848122046	85.7012657947444	113.192314226718	4	50176	1
"62"	610	111.5	111.5	157.6848122046	85.7012657947444	113.192314226718	4	50176	1
"63"	620	111.5	111.5	157.6848122046	85.7012657947444	113.192314226718	4	50176	1
"64"	630	111.5	111.5	157.6848122046	85.7012657947444	113.192314226718	4	50176	1
"65"	640	111.5	111.5	157.6848122046	85.7012657947444	113.192314226718	4	50176	1
"66"	650	111.5	111.5	157.6848122046	85.7012657947444	113.192314226718	4	50176	1
"67"	660	111.5	111.5	157.6848122046	85.7012657947444	113.192314226718	4	50176	1
"68"	670	111.5	111.5	157.6848122046	85.7012657947444	113.192314226718	4	50176	1
"69"	680	111.5	111.5	157.6848122046	85.7012657947444	113.192314226718	4	50176	1
"70"	690	111.5	111.5	157.6848122046	85.7012657947444	113.192314226718	4	50176	1
"71"	700	111.5	111.5	157.6848122046	85.7012657947444	113.192314226718	4	50176	1
