"Time"	"xCenter"	"yCenter"	"MaximalerRadius"	"DurchschnittRadius"	"EightyProzentRadius"	"DurchschnittAnzahlZellen"	"AnzahlZellenSystem"	"Abdeckung"
"1"	0	111.995217218015	112	40.4635212921227	27.1335176556126	36.2330982430087	4	2509	0.0500039859693878
"2"	10	112.011034400732	111.940495486429	44.3618500186822	27.439571785492	36.7615929060119	5.59804818542238	3279	0.0653499681122449
"3"	20	112.085144403262	111.957577489498	47.8086229414813	27.932232780705	37.3943504226357	5.1924882629108	4047	0.0806560905612245
"4"	30	112.030432442748	111.898424512299	50.3607483761331	28.5854969828644	38.1517862370445	4.94529262086514	4716	0.0939891581632653
"5"	40	112.064890770102	111.714895318988	52.1900722935005	29.351240036281	39.2875141723168	4.78897697244243	5298	0.105588329081633
"6"	50	112.056999352641	112.085680238501	54.4294367632697	30.2411217457376	40.5062653699433	4.69199318568995	5870	0.116988201530612
"7"	60	112.142570747342	112.044399265166	56.0375537080563	31.2373422290938	41.899744001232	4.64071294559099	6396	0.127471301020408
"8"	70	112.288792278936	112.014860560748	57.0270557228679	32.3370109356005	43.3815264614035	4.58519051042416	6955	0.138612085459184
"9"	80	112.380672067263	112.009017456293	58.8471550274986	33.361222558157	44.7491996871312	4.55385026024289	7493	0.149334343112245
"10"	90	112.358438073394	111.848569439623	60.880720033171	34.5068706710102	46.2957954512186	4.52764691296801	8066	0.160754145408163
"11"	100	112.365067205356	111.756121066605	62.2172279386686	35.6831127441236	47.8989736799386	4.50075031744199	8663	0.172652264030612
"12"	110	112.341082923143	111.794917389896	64.5552786502546	36.8322751231759	49.392803359221	4.48380829015544	9264	0.184630102040816
"13"	120	112.454733255269	111.698497403523	65.7653295635368	37.86186328694	50.7792353196337	4.46777313919153	9821	0.195731026785714
"14"	130	112.610538705353	111.608633505698	67.5640195379293	38.9869440390436	52.2800949570638	4.45274346452169	10443	0.208127391581633
"15"	140	112.725274614483	111.587733636938	68.8679954748715	40.1445417213814	53.833527602546	4.43159888177473	11089	0.221002072704082
"16"	150	112.677423527412	111.673050871228	70.8963267388207	41.3181063024341	55.4266254999697	4.42022949426264	11765	0.234474649234694
"17"	160	112.658734118877	111.71177334513	72.2414905690877	42.4535749823277	56.9180241535671	4.41663315370385	12433	0.247787786989796
"18"	170	112.665141521938	111.819136212675	75.0587767793028	43.5907741567003	58.3675976587948	4.40600243753809	13128	0.261639030612245
"19"	180	112.656264402488	111.801756987847	76.8530726587627	44.7301611082776	59.8884621736976	4.40190972222222	13824	0.275510204081633
"20"	190	112.833948409434	111.804943041272	79.1528017874225	45.928724313807	61.540773116521	4.39284245166598	14586	0.29069674744898
"21"	200	112.884405666036	111.873901206233	80.4492088689703	47.0531553957746	63.0276810162121	4.38169133468084	15337	0.3056640625
"22"	210	112.906065721409	111.830707460268	83.0793753229718	48.1337372612736	64.4568923833298	4.37619196011218	16045	0.319774394132653
"23"	220	112.867067216041	111.991624733742	84.7221106175661	49.2406473884838	65.9604003669785	4.37401082882132	16807	0.3349609375
"24"	230	112.84425369078	111.928435495035	85.739729805033	50.3965215577326	67.4711853378203	4.36255319148936	17625	0.351263552295918
"25"	240	112.895859527551	111.891456542233	87.5033668829387	51.5503306209928	69.0131262834328	4.35477054775966	18457	0.36784518494898
"26"	250	112.765641202891	111.945870960248	90.6154907044181	52.7788287612224	70.6652692470433	4.33350542075374	19370	0.386041135204082
"27"	260	112.682567101042	112.043256231798	93.1591793273389	53.9564285418687	72.2676976865014	4.32933511032134	20259	0.403758769132653
"28"	270	112.480887424585	112.036774278846	95.3324038548493	55.2174816546877	73.9399647448086	4.32296380090498	21216	0.422831632653061
"29"	280	112.52052065026	112.111794648905	96.5367912492748	56.4022200152552	75.5142795668135	4.31898848498532	22145	0.441346460459184
"30"	290	112.546188429142	112.106706022056	100.046765758302	57.4993570812475	76.94468744383	4.31165335185828	23032	0.459024234693878
"31"	300	112.387810993693	112.004243561255	101.588446359877	58.6006083873176	78.4639826968247	4.30441502025813	23941	0.477140465561224
"32"	310	112.515022660455	111.920772857258	102.904376769946	59.758257928541	80.0138676546972	4.29496345087959	24898	0.496213329081633
"33"	320	112.464517637741	111.896328904258	104.072717440579	60.9217809783396	81.5355482703245	4.29518584344332	25882	0.515824298469388
"34"	330	112.444356888295	112.021773846382	105.336981315989	62.1386283029003	83.1468632404706	4.28867357166722	26937	0.536850286989796
"35"	340	112.427421659348	112.092027949734	107.043825497103	63.3439685582476	84.761449186717	4.27917603798508	28011	0.558254942602041
"36"	350	112.398638646562	112.074116154748	110.407267475232	64.4546033952636	86.2479667215664	4.27730484232294	29015	0.578264508928571
"37"	360	112.352665557179	112.210213449696	111.801851806125	65.6460624912405	87.8448450538762	4.27521838775036	30107	0.600027901785714
"38"	370	112.292017765654	112.340765076543	112.644114903591	66.75856264333	89.3501069633875	4.26984177926121	31159	0.620994100765306
"39"	380	112.35023283528	112.386295329781	114.172736089419	67.9388730282747	90.9171694576508	4.26246166238111	32279	0.643315529336735
"40"	390	112.347432404007	112.437523075957	117.112265873118	69.139753103275	92.5202463541083	4.25448564593301	33440	0.666454081632653
"41"	400	112.360017501011	112.446760830492	118.30797811239	70.326265633521	94.1132181292224	4.24810726463619	34606	0.689692283163265
"42"	410	112.282212333987	112.466402682096	119.467804677583	71.3968939513982	95.5962518527536	4.23889044550294	35690	0.711296237244898
"43"	420	112.163205088984	112.492940978033	122.104804927583	72.4688192064477	96.9963295756789	4.22630634549508	36782	0.733059630102041
"44"	430	112.154939874792	112.385831052383	122.763167577595	73.5532190841417	98.4830086908167	4.2087938174241	37913	0.755600286989796
"45"	440	111.955877097683	112.399987556211	124.318877574945	74.5885278402622	99.8515920526424	4.19177731070898	39014	0.777543048469388
"46"	450	111.812538724148	112.428707780391	125.593911996713	75.5903958565421	101.18654305706	4.17054920935801	40094	0.799067283163265
"47"	460	111.750856436934	112.328241642652	127.315597192983	76.5271545694303	102.418097662483	4.15586374695864	41100	0.819116709183674
"48"	470	111.610903761219	112.256493854344	129.771753705708	77.4052901589483	103.605670133497	4.13930703193741	42051	0.838069993622449
"49"	480	111.633899958524	112.143341549431	132.048550417971	78.1526578210757	104.570894334147	4.12568815899972	42868	0.854352678571429
"50"	490	111.634177652788	112.041229836299	133.682720520499	78.8569070353521	105.465492809266	4.11656272927366	43616	0.869260204081633
"51"	500	111.618499335492	111.899375063587	135.252335703054	79.5168492217917	106.2992605986	4.10736286300968	44317	0.883231026785714
"52"	510	111.528723600716	111.851508792606	136.004211537875	80.1194083789966	107.027354476789	4.09756857161925	44953	0.895906409438776
"53"	520	111.63998772309	111.760105729957	137.565128291625	80.7249547901561	107.770709514331	4.08811268594497	45578	0.90836256377551
"54"	530	111.59079991568	111.683244131725	139.052382317528	81.2694297449905	108.417385770593	4.07673299518793	46134	0.919443558673469
"55"	540	111.517374362092	111.637711968863	141.071245471942	81.8031597876492	109.023123916908	4.06827386692382	46665	0.930026307397959
"56"	550	111.499505374098	111.580859141462	143.257578289125	82.250436915325	109.551073429007	4.06342871699075	47108	0.938855229591837
"57"	560	111.432683610772	111.531676668988	144.06916241237	82.682329823312	110.001259699941	4.05667999158426	47530	0.947265625
"58"	570	111.422180530582	111.486013835216	146.306730541883	83.0620620586116	110.442759900853	4.05086975588364	47887	0.954380580357143
"59"	580	111.366343414192	111.519854686833	148.884008150564	83.4748288669009	110.862000672012	4.04595462550502	48265	0.9619140625
"60"	590	111.348508058135	111.531720977693	150.482206385402	83.8375648400718	111.244209254658	4.04070461373832	48594	0.968470982142857
"61"	600	111.325867266269	111.544105016749	151.73465247587	84.1798547042597	111.600221503103	4.03456174076649	48898	0.974529655612245
"62"	610	111.298032297624	111.508697950067	153.695161572888	84.4778038716403	111.878343916046	4.02867835496075	49166	0.979870854591837
"63"	620	111.325024830409	111.516837217803	154.772949632388	84.7591939217646	112.167917922992	4.02335701418827	49407	0.984673947704082
"64"	630	111.321460968369	111.556247001856	155.838803519091	84.9554287394194	112.375314714534	4.02045550826088	49571	0.987942442602041
"65"	640	111.346744082738	111.560929710054	156.912494027103	85.1377060787821	112.570817181712	4.0166522534843	49723	0.990971779336735
"66"	650	111.39268555601	111.57881267136	157.66471333983	85.3022163129646	112.739609150303	4.0125157951742	49857	0.993642378826531
"67"	660	111.423236218116	111.582048687679	157.335180776488	85.4237739418056	112.878590969504	4.00916825142628	49955	0.995595503826531
"68"	670	111.427903936789	111.583441530976	157.574830721241	85.5083751664823	112.968393869909	4.00659696539592	50023	0.996950733418367
"69"	680	111.443976988498	111.558307624725	157.686448393975	85.5777996951416	113.041121463474	4.0041934582052	50078	0.998046875
"70"	690	111.451858772574	111.556834893201	157.759041651129	85.621714739791	113.09239372734	4.00271386666135	50113	0.998744419642857
"71"	700	111.46116919333	111.550915582921	157.748272716715	85.6457322135108	113.128618191916	4.00195483922445	50132	0.999123086734694
