"Time"	"xCenter"	"yCenter"	"MaximalerRadius"	"DurchschnittRadius"	"EightyProzentRadius"	"DurchschnittAnzahlZellen"	"AnzahlZellenSystem"	"Abdeckung"
"1"	0	111.995217218015	112	40.4635212921227	27.1335176556126	36.2330982430087	4	2509	0.0500039859693878
"2"	10	111.895554670846	111.75350291536	46.4107049976248	27.519016188558	36.7536513203273	5.54043887147335	3190	0.0635762117346939
"3"	20	111.754624606799	111.778417503805	49.7780431888895	27.9694835797877	37.2259009084988	5.19330289193303	3942	0.0785634566326531
"4"	30	111.445819028609	111.768089975604	51.8176918202855	28.5812485530452	38.0607077625816	5.02373031714349	4509	0.0898636798469388
"5"	40	111.280860457256	112.026531351889	55.1471533285587	29.3364379805639	38.9744806387688	4.92644135188867	5030	0.100247130102041
"6"	50	111.152888440763	112.043609938783	56.5469317842098	30.055044673762	39.9730191314214	4.85956067698956	5554	0.110690369897959
"7"	60	111.086203366337	111.970167475248	58.6519244105161	30.920231677809	41.1363139712167	4.82244224422442	6060	0.12077487244898
"8"	70	111.045522307808	111.888872028395	61.1307798162105	31.9762554547508	42.6029034376759	4.76846397825102	6621	0.131955516581633
"9"	80	110.697833686707	111.984472269494	63.5420648632831	33.1065974280693	44.2554473148539	4.76189147719347	7169	0.142877072704082
"10"	90	110.475935259373	111.960019324602	66.4471380896901	34.3387093103673	45.88591556583	4.74088341037494	7788	0.155213647959184
"11"	100	110.278164975101	111.848132594261	69.7183653828306	35.5936996441791	47.7224744486658	4.71164334835191	8434	0.168088329081633
"12"	110	110.136006898832	111.861143630152	71.7056996487255	36.8239502329517	49.4232408524849	4.67555653515539	9074	0.180843431122449
"13"	120	110.312465797042	111.968848325801	73.9809915743433	38.1252871362079	51.252785353907	4.66043549712408	9736	0.194036989795918
"14"	130	110.240256813838	112.22599341552	76.6875339091888	39.4999701528226	53.0340130579224	4.64755351681957	10464	0.208545918367347
"15"	140	110.140907211323	112.283143877094	77.5486506385555	40.7612746881726	54.6853659221958	4.64265878348114	11163	0.222476881377551
"16"	150	110.117640180889	112.212851117997	80.4775859725877	42.1295630743064	56.3412599850298	4.6264131982246	11941	0.237982302295918
"17"	160	110.141647152495	112.482122489802	86.745161957025	43.4989452236828	58.1849625923425	4.60809538751177	12748	0.25406568877551
"18"	170	109.95909523985	112.577184658463	87.4000595167926	44.8770832445929	60.1241891980979	4.5953872227544	13571	0.270467952806122
"19"	180	109.90941420991	112.79893956309	90.0067533566468	46.3397443143883	62.1730458613482	4.57225553028737	14511	0.289202008928571
"20"	190	109.873338292651	112.77441478755	91.6300008824898	47.8173825251361	64.215358458108	4.54746222394421	15486	0.308633609693878
"21"	200	109.768675286446	112.891301255485	92.1236236523605	49.1593088671724	65.917825139734	4.53156996587031	16408	0.327008928571429
"22"	210	109.662183809469	112.865911824675	92.3826017459682	50.4852060047323	67.6623166726142	4.50800599009331	17362	0.34602200255102
"23"	220	109.548745678206	112.922340311343	93.4768871068381	51.8910807209188	69.5388926448582	4.49074678859134	18372	0.366151147959184
"24"	230	109.383879382614	112.886954971092	95.7694810143691	53.2320967926974	71.2603231044431	4.48038405946727	19372	0.386080994897959
"25"	240	109.334266509688	112.928874142752	100.173841891581	54.584746363688	73.1125973843668	4.47652685798381	20385	0.406269929846939
"26"	250	109.347340977598	113.028871771226	102.474072936873	55.9974431828132	74.9739690272214	4.46546504587583	21471	0.427913743622449
"27"	260	109.35490545277	113.192735023082	104.740702975884	57.3059061614852	76.6964774308086	4.45001775568182	22528	0.448979591836735
"28"	270	109.347067429503	113.205171407401	110.403123214301	58.6519956230738	78.4646960577997	4.44618511304937	23618	0.470703125
"29"	280	109.264345289133	113.327088047294	112.148537933037	60.0337647168669	80.3202331782935	4.42742423631008	24781	0.493881536989796
"30"	290	109.270827075171	113.53117592757	112.605425748278	61.3417841622484	82.0265471354547	4.41820779120497	25901	0.516202965561224
"31"	300	109.350165080246	113.67350533623	112.761068478883	62.7693496631878	83.9333630450468	4.40833762981513	27154	0.54117506377551
"32"	310	109.405589435727	113.76691211126	113.929613953164	64.0994343558563	85.6995151570796	4.39904049668407	28348	0.564971301020408
"33"	320	109.422196482901	113.740207259057	116.127645976022	65.4841036342111	87.5664962664797	4.389699918897	29592	0.589764030612245
"34"	330	109.481179941726	113.873689507357	117.614243142648	66.8519200050402	89.395523996791	4.37726064691774	30854	0.61491549744898
"35"	340	109.623013405651	113.899278179001	119.214550970962	68.2251370488993	91.2128496854725	4.35389923227551	32173	0.641202965561224
"36"	350	109.832900117535	114.087905944249	120.521238863147	69.5609618098971	93.0486583231443	4.32799808886765	33488	0.667410714285714
"37"	360	110.081719099537	114.167069220712	122.932406233958	70.8509554992031	94.7949914490203	4.30723255078877	34801	0.693578603316326
"38"	370	110.171221987772	114.059872569044	124.882994407478	72.0667961355017	96.426810887496	4.28111135758651	36064	0.71875
"39"	380	110.173815583436	113.997713109721	126.632282230276	73.2469366192455	98.0626025258443	4.25679224050158	37322	0.74382174744898
"40"	390	110.207935193197	113.968927144074	129.439233304278	74.3560369969181	99.5517204702502	4.23242892379592	38515	0.767598054846939
"41"	400	110.318449351327	113.979541885846	130.732674090833	75.3319753367522	100.859849478684	4.21390860636067	39587	0.788962850765306
"42"	410	110.346731643091	113.848893996509	132.591202293417	76.3341484933161	102.165136204727	4.19539297391646	40677	0.810686383928571
"43"	420	110.499611450176	113.693916230367	135.240292413658	77.2372785327354	103.314694629914	4.17395685869904	41677	0.830616230867347
"44"	430	110.510616270078	113.655898786821	136.038314743495	78.0706256280795	104.397135187993	4.15752395265828	42584	0.848692602040816
"45"	440	110.514639889984	113.637814764658	137.992095964503	78.8561829588275	105.406949006385	4.14019659752757	43439	0.865732621173469
"46"	450	110.553053650339	113.64110637284	140.380064724009	79.5914100704271	106.298873830244	4.12659430122117	44220	0.881297831632653
"47"	460	110.67286261327	113.665340894112	142.391926763965	80.29595807321	107.147242160331	4.11238103708974	44972	0.896285076530612
"48"	470	110.735605105242	113.597542079326	144.372412598521	80.9382996102109	107.904545943068	4.10020373737595	45647	0.909737723214286
"49"	480	110.759460337072	113.479981441419	145.943323875485	81.5462071182291	108.646480310747	4.08843934383713	46269	0.922134088010204
"50"	490	110.643738978306	113.336927891722	149.681541148665	82.1092865018113	109.291638707434	4.07883330130464	46833	0.933374521683674
"51"	500	110.633790520166	113.237325308235	150.647724742188	82.5863586231245	109.810746257438	4.0702629576393	47308	0.942841198979592
"52"	510	110.655412977021	113.152604630407	152.857759473343	83.020246000294	110.304562142441	4.06108213410419	47739	0.951430963010204
"53"	520	110.738458495573	113.023857677661	154.159714224515	83.411537011377	110.738461065542	4.05420459741447	48114	0.958904655612245
"54"	530	110.772060981173	112.889995703091	155.116984556211	83.8095978603481	111.155829503713	4.04483121275236	48493	0.966458067602041
"55"	540	110.869754680707	112.721073939993	156.130340594238	84.1503535244817	111.524570676207	4.03757349777714	48811	0.972795758928571
"56"	550	110.939490775358	112.588754171727	155.958366147471	84.4372816784706	111.830250048926	4.03007457516606	49078	0.978117028061224
"57"	560	110.962942734432	112.472195881566	156.938272659526	84.6457016462235	112.077108488524	4.02577738085573	49268	0.981903698979592
"58"	570	111.004603108561	112.332957270119	156.868170885149	84.8585660886488	112.265191664807	4.02070527337431	49456	0.985650510204082
"59"	580	111.03697085735	112.202675929501	157.501418111036	85.0450564997907	112.461070391034	4.0166471844895	49618	0.988879145408163
"60"	590	111.091846250377	112.083775281357	157.810554097751	85.18611287234	112.609463422998	4.013590398263	49741	0.991330516581633
"61"	600	111.168838915781	111.958491131493	157.77583618008	85.325439420699	112.753088448409	4.01030927835052	49858	0.993662308673469
"62"	610	111.268585526974	111.827095338124	157.75296313203	85.4377718020625	112.887147636661	4.00732659393454	49955	0.995595503826531
"63"	620	111.326504295999	111.750388278901	157.984552799433	85.4990668551837	112.945797133931	4.00563921051053	50007	0.996631855867347
"64"	630	111.395802952516	111.681036377075	157.886512042262	85.5587134163639	113.032014066629	4.00395533270741	50059	0.997668207908163
"65"	640	111.410095168696	111.629719838351	157.840112808652	85.59617139549	113.061479284643	4.0030345378319	50090	0.998286033163265
"66"	650	111.437287578569	111.594549203432	157.796014571801	85.6266233459102	113.099087877841	4.00219495161129	50115	0.998784279336735
"67"	660	111.457565422052	111.555010371789	157.75371643998	85.6521307589156	113.127821031693	4.00147598531993	50136	0.999202806122449
"68"	670	111.476681355054	111.535650908221	157.726510216586	85.6736546103723	113.153725425335	4.00083743744143	50153	0.999541613520408
"69"	680	111.481429796057	111.526993082275	157.717030425714	85.6837368086666	113.163533984542	4.00051833097426	50161	0.999701052295918
"70"	690	111.485687232134	111.522595435064	157.710910353921	85.6886452028619	113.168508210733	4.00035881590751	50165	0.999780771683674
"71"	700	111.490103450338	111.514580717176	157.702120280749	85.6933033763045	113.175118151838	4.00023919153262	50169	0.999860491071429
