"Time"	"xCenter"	"yCenter"	"MaximalerRadius"	"DurchschnittRadius"	"EightyProzentRadius"	"DurchschnittAnzahlZellen"	"AnzahlZellenSystem"	"Abdeckung"
"1"	0	111.995217218015	112	40.4635212921227	27.1335176556126	36.2330982430087	4	2509	0.0500039859693878
"2"	10	111.98895385208	112.011311016949	45.0038334620227	27.4295597779013	36.7959476360812	4.35053929121726	2596	0.0517378826530612
"3"	20	112.138639866121	112.051858795091	47.2208763503421	27.7598748321215	37.0784334692326	4.42841204908888	2689	0.0535913584183673
"4"	30	112.30344556553	112.005534829443	48.2425899572994	28.1265831749808	37.4440290471237	4.45601436265709	2785	0.0555046237244898
"5"	40	112.294892167012	112.356223326432	51.2896978068514	28.6004811656389	38.1387332055895	4.47273982056591	2898	0.0577566964285714
"6"	50	112.254211125872	112.399257157091	53.1199008962935	29.1313443477577	38.8284086062576	4.53204915310528	3011	0.0600087691326531
"7"	60	112.257351071204	112.363862129805	55.8689525671561	29.9246462693054	39.7990111076612	4.54946439823566	3174	0.0632573341836735
"8"	70	112.066898640894	112.365727121715	57.9156986991861	30.5851905705061	40.741528586918	4.55934762911507	3311	0.0659877232142857
"9"	80	111.823670900693	112.698450692841	58.3664852119034	31.2987804307249	41.7201258931031	4.58314087759815	3464	0.0690369897959184
"10"	90	111.618340588883	112.589326417171	59.6250447919672	32.0750234711894	42.8517141825811	4.57787561915245	3634	0.0724250637755102
"11"	100	111.476683845548	112.71311738902	61.7813478114173	32.8463286969385	44.0619734743273	4.60099816128185	3807	0.0758729272959184
"12"	110	111.405326240602	112.749927067669	63.3825266497755	33.6382146958275	45.2591893677271	4.60802005012531	3990	0.0795200892857143
"13"	120	111.201352674308	112.861790281757	65.276546407136	34.4358028094645	46.4564526592328	4.57784145176695	4188	0.0834661989795918
"14"	130	111.227869362577	112.82455972127	67.1501964107148	35.1679501286231	47.4204945943845	4.57756454192369	4377	0.0872329400510204
"15"	140	111.12150540245	112.804678893263	68.8436621466037	35.912515298401	48.4328398824281	4.56780402449694	4572	0.0911192602040816
"16"	150	111.029470378899	112.656341720745	69.9528447987224	36.7440167542771	49.5326807294187	4.56520828972158	4777	0.0952048788265306
"17"	160	110.834866833267	112.746996481407	70.3283263113972	37.6286686008682	50.7204179840317	4.58136745301879	5002	0.0996890943877551
"18"	170	110.648427742797	112.656306048464	71.6796646609979	38.5092593839515	51.9191967926553	4.55752718946766	5241	0.104452327806122
"19"	180	110.818113644689	112.671462838828	73.4874359790703	39.302643508586	53.1030210921286	4.54688644688645	5460	0.108816964285714
"20"	190	110.779954563039	112.670150114296	74.6052587501944	40.1061998604611	54.0640831379291	4.54861965887111	5687	0.113341039540816
"21"	200	110.619011305813	112.98397915754	75.4493872910121	40.9490265022577	55.2019692702197	4.53176074136478	5935	0.118283641581633
"22"	210	110.506598047757	112.881260664731	77.3533641110612	41.8596365713226	56.5134695739875	4.55082284607938	6198	0.123525191326531
"23"	220	110.515599291326	112.931016545987	79.2078276964062	42.8486081763383	57.803882957812	4.53520258819904	6491	0.129364636479592
"24"	230	110.517935360825	113.03868730486	81.0994857509562	43.8269424796389	59.1200260554518	4.52547864506627	6790	0.135323660714286
"25"	240	110.496538751937	112.969649091421	82.9987478584131	44.7698263938243	60.3848452303719	4.51725595154247	7099	0.141481983418367
"26"	250	110.288193473288	113.002670959494	83.8081448016746	45.8095204070241	61.7604692227585	4.5057192840802	7431	0.148098692602041
"27"	260	110.341742862669	113.173801960026	84.1998501819916	46.7792682734468	63.0280357904487	4.47840103159252	7755	0.154555963010204
"28"	270	110.418631770962	113.341201817957	84.684602343985	47.7420471917203	64.3787441378428	4.46228048478852	8086	0.161152742346939
"29"	280	110.363860490593	113.459954703501	87.2140936315367	48.6582786537492	65.6412461863163	4.4586806382472	8398	0.167370854591837
"30"	290	110.392436724651	113.336829262989	89.7449191393812	49.6204849689305	66.8459156863086	4.44495307850767	8738	0.17414700255102
"31"	300	110.505258978022	113.194676131868	91.0227217194345	50.6424183259375	68.3029837010372	4.43538461538462	9100	0.181361607142857
"32"	310	110.497430656625	113.341536862204	92.5601906454095	51.5175151672482	69.503408497418	4.42876843110215	9427	0.187878667091837
"33"	320	110.674915807244	113.11998247391	94.4600709470106	52.4443326826339	70.7428102689369	4.4293022304072	9774	0.194794323979592
"34"	330	110.743395543038	112.921994910564	95.2407996764627	53.3344271052433	71.9120354178938	4.42751260005929	10119	0.201670121173469
"35"	340	110.824619378811	112.696346808308	95.9716542453588	54.316285765504	73.1835156720371	4.4171112804878	10496	0.209183673469388
"36"	350	110.763172743167	112.61018555259	97.2165017183289	55.2567281388354	74.4310255296826	4.41060090181283	10867	0.216577646683673
"37"	360	110.478710821394	112.654343258877	99.8823160777233	56.1894158711734	75.6998521324472	4.4063362107324	11237	0.22395169005102
"38"	370	110.441682471833	112.357392371205	101.538425047412	57.1301883209928	76.9611268219039	4.40956394598779	11627	0.231724330357143
"39"	380	110.413990518027	112.155519701616	104.092434919235	58.176548554597	78.4091693866274	4.40414421881475	12065	0.240453603316327
"40"	390	110.518827509831	111.879161779953	105.047228133418	59.095559931004	79.690089032126	4.38825134419389	12461	0.248345822704082
"41"	400	110.329305126214	111.717953255922	106.570354513388	60.047553171724	80.9636882748012	4.37607766990291	12875	0.256596779336735
"42"	410	110.094500420054	111.760894587474	107.083864405649	60.9712411994788	82.1893655237863	4.36434808792532	13284	0.264748086734694
"43"	420	109.983868064422	111.582111611277	110.772616752178	61.8793202260219	83.4470985233337	4.36432693010007	13691	0.272859534438776
"44"	430	109.988451206933	111.622612971348	111.301776406554	62.8191713666536	84.6963399013208	4.35259992925363	14135	0.281708386479592
"45"	440	109.94621314014	111.662191577939	113.377466402878	63.8568590499152	86.0780162761107	4.34802244423156	14614	0.291254783163265
"46"	450	109.976969453363	111.701801179249	113.986504890189	64.8144895328412	87.2826266866352	4.33687143425766	15074	0.300422512755102
"47"	460	110.057819156673	111.575287991038	114.037430736412	65.7392222302976	88.4970755123724	4.33552546744036	15510	0.309111926020408
"48"	470	110.065283440575	111.54441637569	114.42892284535	66.5921108994066	89.5827504771354	4.32216365461847	15936	0.317602040816327
"49"	480	110.102873630485	111.43727270352	115.816905717523	67.4429967941109	90.6383866106756	4.30424153526464	16362	0.326092155612245
"50"	490	110.072910700202	111.45252435965	118.086455486229	68.3402434133934	91.8166212702175	4.30021418372204	16808	0.334980867346939
"51"	500	110.010921007069	111.555353937826	119.89948945206	69.2227393013267	93.0077665602464	4.29006837408738	17258	0.343949298469388
"52"	510	110.026432083734	111.645677158246	122.233327154473	70.0452612117577	94.0904748200267	4.27881188118812	17675	0.352260044642857
"53"	520	110.101548054667	111.660240196547	123.209169575853	70.9042333695259	95.2742352278468	4.27052074139453	18128	0.361288265306122
"54"	530	110.110437693259	111.660021412179	126.762499766534	71.7699755168721	96.4811089920136	4.25918553983539	18589	0.370475924744898
"55"	540	110.234837093407	111.652458977357	126.713914742382	72.5654778260577	97.4621401110544	4.24460204885737	19035	0.379364636479592
"56"	550	110.278022816629	111.594882502624	127.437515784854	73.3004588857536	98.5332863456371	4.2310146120601	19436	0.387356505102041
"57"	560	110.258147723617	111.652503864681	127.458384298291	74.025338361836	99.5057063029066	4.22094546920673	19842	0.395448022959184
"58"	570	110.424469804068	111.663298576492	128.230257646626	74.7492153004089	100.542167595559	4.19696894900528	20257	0.403718909438776
"59"	580	110.61643447769	111.660946661983	131.283809912286	75.4237213153173	101.423176729646	4.18109587713774	20641	0.411371970663265
"60"	590	110.640233556562	111.740832468895	132.258920938532	76.0117778242007	102.156681601664	4.17514420555847	20977	0.418068399234694
"61"	600	110.644181262185	111.702122730731	134.098399604655	76.5947183523669	102.916816692137	4.15546277618802	21317	0.424844547193878
"62"	610	110.777033465916	111.651125110679	134.091053416533	77.0656584201907	103.542188648724	4.14494767064925	21594	0.430365114795918
"63"	620	110.875135277943	111.696325874469	135.434252782892	77.5515219920912	104.159847082982	4.13476571428571	21875	0.435965401785714
"64"	630	111.022869629115	111.703354430442	135.650285374196	78.0492485191825	104.820817898032	4.1302207973992	22147	0.441386320153061
"65"	640	111.216645336725	111.682900239434	136.834875402862	78.514385018893	105.391739632602	4.12290801981524	22407	0.446568080357143
"66"	650	111.178127781684	111.598777627862	136.852199960544	78.9739620040084	105.967157155019	4.11337068242975	22669	0.451789700255102
"67"	660	111.185173027198	111.621847739806	138.457921141744	79.3878811267503	106.433927543372	4.10949096306645	22906	0.456513073979592
"68"	670	111.123380135896	111.520591123974	140.668923923849	79.8251935120303	106.970449085038	4.10721382289417	23150	0.461375956632653
"69"	680	111.123143833904	111.488504818586	142.04040141073	80.2111327448332	107.427196022073	4.10088995379086	23372	0.465800382653061
"70"	690	111.142158217658	111.525746707728	143.218409484848	80.6628628558181	107.929378815937	4.09129790387466	23615	0.470643335459184
"71"	700	111.019974829176	111.511081066096	145.472929513026	81.0268581180068	108.347928139787	4.08675568993029	23814	0.474609375
