"Time"	"xCenter"	"yCenter"	"MaximalerRadius"	"DurchschnittRadius"	"EightyProzentRadius"	"DurchschnittAnzahlZellen"	"AnzahlZellenSystem"	"Abdeckung"
"1"	0	111.995217218015	112	40.4635212921227	27.1335176556126	36.2330982430087	4	2509	0.0500039859693878
"2"	10	111.872516080097	111.992140139563	46.0915283705609	27.5330930785827	36.8013211441704	5.72815533980583	3296	0.0656887755102041
"3"	20	111.583527760175	111.977643919084	49.1871938664251	28.2001457904465	37.5974303757061	5.34633195223008	4103	0.0817721619897959
"4"	30	111.920471717589	112.019523554913	50.9749775315684	29.1162912869691	38.9665825065819	5.1345995045417	4844	0.0965401785714286
"5"	40	112.055847337172	112.3119474991	53.6981443847139	30.1866426216973	40.4754304592966	4.98920474991004	5558	0.110770089285714
"6"	50	112.161505380952	112.342759285714	56.7578190651966	31.5141774591267	42.3094999827566	4.90095238095238	6300	0.125558035714286
"7"	60	112.132168758896	112.167163620837	59.0882404323857	32.9023961841281	44.179681501182	4.84856248220894	7026	0.140027104591837
"8"	70	112.052080998452	112.112777773478	62.1050972603799	34.357890043354	46.0627674650902	4.79282765737874	7752	0.154496173469388
"9"	80	112.14755384976	112.202484050158	64.8999569858028	35.8266927938041	48.1174476832898	4.76151412164538	8533	0.170061383928571
"10"	90	112.129867271556	112.012644507677	68.4790416799395	37.3100221538162	50.1282188959086	4.73037689251584	9313	0.185606664540816
"11"	100	112.012245992348	111.908632512509	70.3883071860293	38.9245314344021	52.259530899871	4.69537918179143	10193	0.203144929846939
"12"	110	111.996260160693	111.767990575065	72.552755571975	40.5090004406791	54.3898288496872	4.67220366525232	11077	0.220762914540816
"13"	120	111.984202058775	111.990535904035	76.0205487624066	42.1674658843235	56.6200416760979	4.65133654325087	12046	0.24007493622449
"14"	130	112.059735938101	111.973457702671	78.184942633593	43.7605335754138	58.7655090731913	4.62930171683732	12989	0.258868781887755
"15"	140	112.122343016281	112.006961518138	80.7951389609484	45.3762069483337	60.8810803306421	4.60454155955441	14004	0.279097576530612
"16"	150	112.149067328113	112.223836846297	84.2062869725571	47.0151213419682	63.1463870980348	4.58295726041943	15068	0.300302933673469
"17"	160	112.061921096026	112.394207104333	87.0375506949934	48.5982439616281	65.226364923514	4.56512305498729	16131	0.321488360969388
"18"	170	112.030417232195	112.255159936306	90.3239520888327	50.2335783728902	67.3689075301574	4.54337000579039	17270	0.344188456632653
"19"	180	111.948885349353	112.111728002381	93.9492536991287	51.9226282249153	69.6399298917664	4.52616766791146	18477	0.368243781887755
"20"	190	111.874281681712	112.213780971701	97.7391120527174	53.5952209634446	71.9149058862962	4.50806369814383	19718	0.392976721938776
"21"	200	111.921768401257	112.254765501809	100.0440762883	55.2357955808503	74.0786696847205	4.48038468863074	21004	0.418606505102041
"22"	210	111.906375184055	112.260136038786	101.071668884076	56.8409348723453	76.1989994159884	4.46821691506554	22276	0.443957270408163
"23"	220	111.93113047183	112.292545822205	102.378519877052	58.4614460913289	78.2957315880963	4.45071855525881	23589	0.470125159438776
"24"	230	112.039328982833	112.295667487566	104.68134800106	60.0560078089629	80.4086442800297	4.44392748275309	24932	0.496890943877551
"25"	240	111.927809389776	112.247028095328	107.622631810883	61.7085691052279	82.6049305949618	4.43740275511366	26351	0.525171396683674
"26"	250	112.05585577366	112.312276384671	110.763285836405	63.3315815048294	84.81991742964	4.42065491183879	27790	0.553850446428571
"27"	260	112.144347646778	112.227491433301	112.434831345557	65.0071642712049	87.0082254407028	4.41022665210268	29296	0.583864795918367
"28"	270	112.211342976635	112.276541354803	115.151709115371	66.603751041799	89.1305748622344	4.40920317171455	30772	0.61328125
"29"	280	112.254903300544	112.104697972439	118.978756936809	68.2511655189117	91.3506204767613	4.39884929472903	32328	0.644292091836735
"30"	290	112.325531943057	111.945252125286	120.846907252479	69.9974927940697	93.7242628689568	4.37350884409708	34034	0.678292410714286
"31"	300	112.336662774397	111.911535139139	123.727643875528	71.6435456534075	95.9158725208588	4.34434451262223	35691	0.711316167091837
"32"	310	112.377604265566	111.90729961994	125.809013674456	73.2413161109218	98.0651517530782	4.30166162737805	37373	0.744838169642857
"33"	320	112.438861196238	111.848855374669	128.491957229624	74.636187664821	99.9541567481679	4.26689997684053	38861	0.774493781887755
"34"	330	112.466926569732	111.657622141501	129.886782173618	75.9061766605066	101.642035853905	4.23171913434542	40247	0.802116549744898
"35"	340	112.478417240766	111.566728667925	132.104924645481	77.1088322144156	103.221700725135	4.19752789534436	41584	0.828762755102041
"36"	350	112.527353586379	111.370635707536	135.156563186988	78.1400285069758	104.532211118936	4.17109545103364	42713	0.851263552295918
"37"	360	112.471280447049	111.246537118354	137.43825382992	79.1038278508323	105.749061442648	4.14618319738616	43767	0.872269610969388
"38"	370	112.48115517054	111.268230584733	139.459979689034	79.9881790387301	106.840546324197	4.13079555366688	44711	0.891083386479592
"39"	380	112.459879626517	111.268367882603	141.975126637453	80.7881557782308	107.808213837684	4.1135769948414	45555	0.907904177295918
"40"	390	112.429298094957	111.236580839115	145.488301041804	81.4854892835106	108.61741440126	4.10154983464107	46263	0.922014508928571
"41"	400	112.446814981067	111.294614008336	147.876834636006	82.1281218301588	109.347652117016	4.08954651088417	46903	0.934769610969388
"42"	410	112.377898206674	111.263962875313	150.362925546645	82.7303456773855	110.005723412474	4.07988209285188	47495	0.946568080357143
"43"	420	112.323993017458	111.153323274286	152.868057879024	83.2594416158233	110.585455948515	4.07016520489156	48001	0.956652582908163
"44"	430	112.265320329332	111.106342486324	154.654571021008	83.7750031184672	111.135082532215	4.05759075907591	48480	0.966198979591837
"45"	440	112.113863027188	111.151633894294	155.592773114022	84.2125162095261	111.578320473181	4.04701213150304	48881	0.974190848214286
"46"	450	112.030400125335	111.185872893667	156.734906219372	84.5787174957848	111.963888478625	4.03763921632388	49204	0.98062818877551
"47"	460	111.937876407846	111.287304198105	157.224868810505	84.9168256989707	112.299170293611	4.02755332902392	49504	0.986607142857143
"48"	470	111.861162676663	111.354455212519	157.326589797339	85.1245232085818	112.538556345996	4.02093187078595	49685	0.990214445153061
"49"	480	111.743617997754	111.391574533184	157.580402272656	85.324324133774	112.757824224946	4.01379891293448	49859	0.993682238520408
"50"	490	111.684223145699	111.428542393633	157.865625935691	85.4587325731903	112.907157791158	4.00924499229584	49973	0.995954241071429
"51"	500	111.617913621876	111.473569080811	157.786892468523	85.5553217609233	113.021669495653	4.00539406652682	50055	0.997588488520408
"52"	510	111.557442590006	111.483681913666	157.736971559475	85.6190846656748	113.092218614984	4.00319310289774	50108	0.998644770408163
"53"	520	111.521769480843	111.488302518997	157.708477081078	85.6556762121038	113.146271099643	4.00159556433116	50139	0.999262595663265
"54"	530	111.515851178371	111.495134984249	157.699460957282	85.6741591493258	113.163562601753	4.0008772979224	50154	0.999561543367347
"55"	540	111.501415385842	111.497528058529	157.687560961874	85.6857956287566	113.181372420355	4.00063792037956	50163	0.999740911989796
"56"	550	111.505721120303	111.497956742749	157.690302470065	85.688226126657	113.182723115979	4.00043855277584	50165	0.999780771683674
"57"	560	111.499531573912	111.499710971137	157.685347806184	85.6917145832503	113.183862933547	4.00039866050072	50168	0.99984056122449
"58"	570	111.498076578103	111.497717805107	157.687786024956	85.6953825611199	113.186123803461	4.00023918199757	50171	0.999900350765306
"59"	580	111.498096509936	111.497648043691	157.687821259907	85.6954549108077	113.18618759598	4.00019931833131	50171	0.999900350765306
"60"	590	111.497947103024	111.497398999462	157.688103007568	85.6977091508131	113.189030973511	4.00011958623164	50173	0.999940210459184
"61"	600	111.499920277435	111.499491768645	157.685227951095	85.698949571598	113.191827328004	4.00011958384821	50174	0.999960140306122
"62"	610	111.500019930641	111.499501733966	157.685178625346	85.6990167657146	113.191846564502	4.00007972256547	50174	0.999960140306122
"63"	620	111.502082710513	111.497827603388	157.687821019716	85.6999643183125	113.18941670888	4.00003986048829	50175	0.999980070153061
"64"	630	111.502092675635	111.49783756851	157.687821019711	85.699964581061	113.189413187299	4.00003986048829	50175	0.999980070153061
"65"	640	111.5	111.5	157.6848122046	85.7012657947444	113.192314226718	4	50176	1
"66"	650	111.5	111.5	157.6848122046	85.7012657947444	113.192314226718	4	50176	1
"67"	660	111.5	111.5	157.6848122046	85.7012657947444	113.192314226718	4	50176	1
"68"	670	111.5	111.5	157.6848122046	85.7012657947444	113.192314226718	4	50176	1
"69"	680	111.5	111.5	157.6848122046	85.7012657947444	113.192314226718	4	50176	1
"70"	690	111.5	111.5	157.6848122046	85.7012657947444	113.192314226718	4	50176	1
"71"	700	111.5	111.5	157.6848122046	85.7012657947444	113.192314226718	4	50176	1
