"Time"	"xCenter"	"yCenter"	"MaximalerRadius"	"DurchschnittRadius"	"EightyProzentRadius"	"DurchschnittAnzahlZellen"	"AnzahlZellenSystem"	"Abdeckung"
"1"	0	111.995217218015	112	40.4635212921227	27.1335176556126	36.2330982430087	4	2509	0.0500039859693878
"2"	10	112.080787219153	112.185189060773	45.13614816361	27.3742765485664	36.7892667525848	4.50460405156538	2715	0.0541095344387755
"3"	20	112.078086096628	112.051183489746	48.4304076195714	27.8414744795594	37.1147129795137	4.51720542231491	2877	0.0573381696428571
"4"	30	111.991779636964	112.023902277228	49.3940480787897	28.2515069294384	37.5856714836043	4.51683168316832	3030	0.0603874362244898
"5"	40	112.168034713076	112.170678676701	51.3011554486713	28.8402820730495	38.3633378646658	4.52681091251176	3189	0.0635562818877551
"6"	50	112.078358684604	111.983469536622	53.1710266574082	29.4748702938921	39.1286630091709	4.55724962630792	3345	0.0666653380102041
"7"	60	112.022986511098	111.960603215709	55.1603469832165	30.2015264558924	40.1323388387524	4.59362549800797	3514	0.0700334821428571
"8"	70	112.189042895732	111.984648622366	56.8061248479115	30.9704244505976	41.1981735405966	4.60615883306321	3702	0.0737802933673469
"9"	80	112.326005900383	111.90553550447	58.6617976121744	31.8427628764096	42.6127807939665	4.61711366538953	3915	0.0780253507653061
"10"	90	112.456384646903	111.82718252591	61.1343005781944	32.7888844756683	43.9652443970055	4.59773439382984	4149	0.0826889349489796
"11"	100	112.141977143512	111.882358298945	62.7706673347905	33.6095592869083	45.2420639864094	4.59789087574507	4362	0.0869339923469388
"12"	110	112.000036836379	111.610962576153	62.769648888597	34.4489547607397	46.3998137866916	4.60835509138381	4596	0.0915975765306122
"13"	120	112.073394741201	111.288922298137	64.0111351082867	35.3246913363464	47.6773352422475	4.58674948240166	4830	0.0962611607142857
"14"	130	112.24609950768	111.334618117369	66.190119967842	36.2185020283112	48.8657450157647	4.57306025994486	5078	0.101203762755102
"15"	140	112.2360952906	111.460136180153	67.2804277862614	37.1751849570516	50.1061710153733	4.56961315641936	5351	0.106644610969388
"16"	150	112.14312969697	111.656271122995	69.3405867644594	38.021103731944	51.2629453899588	4.57005347593583	5610	0.111806441326531
"17"	160	112.052801288791	111.722028709513	71.9886034867177	38.9116761093741	52.3942359855574	4.55044938104121	5897	0.117526307397959
"18"	170	112.002111939816	111.378918395082	72.7134142591123	39.8452598222828	53.8132032310181	4.53227633069083	6181	0.123186383928571
"19"	180	111.924977293719	111.270318596059	75.5259230660407	40.8158691369347	55.003597403584	4.51600985221675	6496	0.129464285714286
"20"	190	111.942037323322	111.14228897232	76.5290688475799	41.7290347749633	56.2878049146034	4.51060070671378	6792	0.135363520408163
"21"	200	111.905540334599	110.936266905666	78.7362502509378	42.6576310761175	57.5346698375824	4.49936735554618	7113	0.14176100127551
"22"	210	111.851519827934	110.913758757898	79.1445227077522	43.5684828863885	58.9217969076889	4.48716225299099	7439	0.148258131377551
"23"	220	111.868773846352	110.884287329209	81.4035783258778	44.4629975799994	60.0621357274077	4.46687290538799	7758	0.15461575255102
"24"	230	111.599177718735	110.702434268413	82.7885518624184	45.4146939412616	61.2308112194782	4.4453781512605	8092	0.161272321428571
"25"	240	111.560111658711	110.552624176611	84.1206480197461	46.2172748415664	62.3571824784718	4.44940334128878	8380	0.167012117346939
"26"	250	111.557361150503	110.46292483989	85.339208946331	47.1927639132903	63.6592141180054	4.4327538883806	8744	0.174266581632653
"27"	260	111.698637530293	110.386797213043	87.8301377720455	48.0720523785108	64.7264920306499	4.42344128662701	9078	0.180923150510204
"28"	270	111.632727784837	110.479335991105	90.2354208451359	49.0067096310154	66.0259498639493	4.42969080897925	9444	0.188217474489796
"29"	280	111.755453380383	110.271480259793	91.905473746009	49.8624520964291	67.1790646565258	4.43285261327606	9777	0.194854113520408
"30"	290	111.962842279303	110.174426631237	92.6500154787523	50.7951472294169	68.4320148063723	4.42495817340813	10161	0.202507174744898
"31"	300	112.116994667932	110.126566242884	93.0259826407121	51.7189196575443	69.7279691555235	4.40512333965844	10540	0.210060586734694
"32"	310	112.225852836587	110.059849757126	97.0982735019831	52.5943004949409	70.8719546384092	4.39409769956924	10911	0.21745455994898
"33"	320	112.262031633466	110.077258078796	99.0245314620468	53.5101041371121	72.0844605180253	4.39787516600266	11295	0.225107621173469
"34"	330	112.186732322113	109.966178363869	99.6608039309366	54.5275216530168	73.3703748597487	4.3988069876438	11735	0.233876753826531
"35"	340	112.097932541899	109.840024860335	104.002581995564	55.5165773210232	74.8046844452336	4.38531054880053	12172	0.242586096938776
"36"	350	112.218887835264	109.659662934455	105.66333597432	56.4938120260717	76.0759866963287	4.38422472623393	12602	0.251155931122449
"37"	360	112.284206617591	109.600966091557	107.124472477013	57.4555125721302	77.3570708513061	4.37957211870255	13041	0.259905133928571
"38"	370	112.423887535159	109.480863279053	109.225838377508	58.4908506998919	78.6771418142438	4.36639526276832	13510	0.269252232142857
"39"	380	112.331546257967	109.473408421543	111.349768937464	59.4726561112196	80.0208930586445	4.36124042111294	13963	0.278280452806122
"40"	390	112.368294779953	109.395776139803	111.637432352946	60.3847538426381	81.2327609782146	4.3666527835624	14406	0.287109375
"41"	400	112.419429586276	109.395604355197	113.439844362707	61.3545152186602	82.5228286135006	4.3589640094181	14865	0.296257174744898
"42"	410	112.531353167686	109.409613186549	116.345252107531	62.3649919872955	83.83963801263	4.34460777936776	15374	0.306401466836735
"43"	420	112.498372229649	109.354733675515	118.829676451025	63.3459288555425	85.1923094743075	4.34239233242954	15859	0.316067442602041
"44"	430	112.484372867961	109.294113752718	120.475916744704	64.364552381379	86.5444067063342	4.33455478197142	16374	0.32633131377551
"45"	440	112.367763063827	109.100899980484	120.322018576305	65.3381334947065	87.8227335052044	4.3300510143552	16858	0.335977359693878
"46"	450	112.414997241875	108.998748966638	121.834115887343	66.3439055972514	89.1798476265818	4.3177451826287	17385	0.346480389030612
"47"	460	112.361456481823	108.923126982744	124.186014213713	67.2919049157861	90.4484347345772	4.31138660858882	17907	0.356883769132653
"48"	470	112.265205696861	108.981963484415	125.347648594279	68.2627433581446	91.8133913245666	4.29576624925462	18447	0.367645886479592
"49"	480	112.250078825079	108.85600358862	125.875693439005	69.224277709021	93.0940720689956	4.28377239199157	18980	0.378268494897959
"50"	490	112.108196976971	109.089798684772	126.586265521642	70.1278669764552	94.2884486545734	4.26465610093861	19497	0.388572225765306
"51"	500	112.187057441965	109.100005719081	126.927248361507	70.9842290079075	95.4124773150907	4.25245147088253	19988	0.398357780612245
"52"	510	112.023904979297	109.33376063288	129.772519674889	71.7429323605899	96.4743802890521	4.24686765857478	20432	0.407206632653061
"53"	520	111.963441041932	109.563975819412	130.180381626286	72.5571653261483	97.6098937584495	4.22835285680134	20915	0.41683274872449
"54"	530	111.774955594521	109.68414972097	132.555163610559	73.34270467154	98.6989536715828	4.21335078534031	21392	0.426339285714286
"55"	540	111.570367964078	109.74147028646	134.031857093468	74.1053510078471	99.7783493278801	4.20473161579646	21853	0.435526945153061
"56"	550	111.495848828084	109.991363784713	136.549147265213	74.8585441506854	100.748840140896	4.19499081500067	22319	0.444814253826531
"57"	560	111.530956823328	110.123024945896	136.938671192585	75.6024965862376	101.718750521077	4.18391814149576	22771	0.453822544642857
"58"	570	111.528937542868	110.247328040149	138.774169792991	76.2393862189783	102.526859878586	4.16940079433604	23164	0.461654974489796
"59"	580	111.432726426545	110.369959153791	140.606410873251	76.8599892001691	103.344429125864	4.15892970906774	23545	0.469248246173469
"60"	590	111.324469469951	110.451857638995	142.427440137522	77.4502012197409	104.072573712121	4.1488854502112	23911	0.476542570153061
"61"	600	111.299491313916	110.581993822609	145.608116186055	78.0369821214849	104.82068755065	4.14163302298756	24274	0.483777104591837
"62"	610	111.201984141852	110.661539614515	146.404996768086	78.5463806397364	105.476248128171	4.13286144333252	24582	0.48991549744898
"63"	620	111.174470720563	110.770779335477	146.324583930458	79.0164270347533	106.017504841103	4.12293467336683	24875	0.495754942602041
"64"	630	111.166201537973	110.831479982898	146.988236010459	79.5522525607641	106.693078024251	4.11459407983493	25202	0.50227200255102
"65"	640	111.064121954583	110.965956181982	149.250846863697	79.99768273142	107.154893886658	4.10677134445535	25475	0.507712850765306
"66"	650	111.146554326395	110.943086399247	150.989459161655	80.4575453282136	107.696009633224	4.09949128189197	25751	0.513213488520408
"67"	660	111.223424686842	111.043108980836	151.359667124353	80.9320948724589	108.278728641766	4.08733389661264	26038	0.518933354591837
"68"	670	111.197787580692	111.059606001789	152.941782320269	81.3329815950117	108.722952610101	4.07846569504167	26279	0.523736447704082
"69"	680	111.155241764175	111.086078434376	155.675703106623	81.7118975130998	109.193715950813	4.07137737201494	26507	0.528280452806122
"70"	690	111.120636698974	111.213993944012	156.506225215702	82.0322708274227	109.618355765486	4.06741068084788	26702	0.532166772959184
"71"	700	111.112057828932	111.251390652842	156.923054511491	82.319422194322	109.907442018455	4.06226751971433	26884	0.535794005102041
