"Time"	"xCenter"	"yCenter"	"MaximalerRadius"	"DurchschnittRadius"	"EightyProzentRadius"	"DurchschnittAnzahlZellen"	"AnzahlZellenSystem"	"Abdeckung"
"1"	0	111.995217218015	112	40.4635212921227	27.1335176556126	36.2330982430087	4	2509	0.0500039859693878
"2"	10	111.812435943838	111.991740717629	45.7583771795875	27.497172057927	36.5853534362757	5.54321372854914	3205	0.0638751594387755
"3"	20	111.893186917563	112.00911328725	48.2125346232736	27.87975700194	36.9910409265548	5.21249359959037	3906	0.0778459821428571
"4"	30	111.841172920315	112.202184063047	50.5954368220555	28.4827630879878	37.8503617580589	5.01094570928196	4568	0.0910395408163265
"5"	40	111.797374922481	112.205539476744	52.2310972127595	29.225776065973	38.9192579021895	4.88100775193798	5160	0.102838010204082
"6"	50	111.923114610841	112.153450990271	55.5196744167516	30.1300960548337	40.1429485170231	4.80646282140375	5756	0.114716198979592
"7"	60	111.998768907563	111.965327287141	57.8459315545858	31.2307162378691	41.6480068462961	4.76898684001903	6307	0.125697544642857
"8"	70	112.115070613016	112.082118680999	59.7211121218	32.3842149859225	43.2761554846613	4.74317257408483	6884	0.137197066326531
"9"	80	112.202805480731	112.137992839045	61.9889694632531	33.6171583033096	44.9491266176351	4.70996132817709	7499	0.149453922193878
"10"	90	112.25502189781	112.089518112087	63.9330919165589	34.7773067479601	46.5187642156412	4.69677100086601	8083	0.161092952806122
"11"	100	112.301090464183	111.992753386819	66.9343305798549	36.0451089051037	48.2366611427918	4.66223495702006	8725	0.173887914540816
"12"	110	112.485624420829	111.706460871413	68.0477893375412	37.3776807972051	50.0636246151146	4.64888416578108	9410	0.187539859693878
"13"	120	112.417550907835	111.636140783501	70.4007240525359	38.7492382537582	51.9680840839621	4.61930136175252	10134	0.201969068877551
"14"	130	112.489317233121	111.679611992263	73.1485101538631	40.0566824512864	53.7754416658973	4.60311319885788	10857	0.216378348214286
"15"	140	112.609065032203	111.646838660369	75.3176973909229	41.4417953055351	55.5631899648935	4.58892228424216	11645	0.232083067602041
"16"	150	112.788570551358	111.513159098216	77.2778597324762	42.7713666474989	57.2834121269124	4.5653431924128	12442	0.247967155612245
"17"	160	112.796305770245	111.524726433145	78.6692815564246	44.1040794957264	59.0479315279871	4.54538606403013	13275	0.264568718112245
"18"	170	113.126486634575	111.307255981877	81.177557007014	45.467534111235	60.7542354786539	4.53730709330313	14126	0.281529017857143
"19"	180	113.278755756688	111.337522035139	84.5738934812519	46.8616669434266	62.6194880247473	4.52402502329296	15026	0.299465880102041
"20"	190	113.275594850269	111.249545276281	86.3791257525452	48.2617123437656	64.5515269573145	4.50181681493547	15962	0.318120216836735
"21"	200	113.318549211899	111.278425959943	87.948567288217	49.5964737043781	66.3306215404501	4.49123014932448	16876	0.336336096938776
"22"	210	113.402244122915	111.250653778126	91.872291026144	51.0154823894349	68.2277890228075	4.48751819097728	17866	0.356066645408163
"23"	220	113.35967195756	110.98385661008	93.6519574796586	52.3779220003088	70.0502882182871	4.47384615384615	18850	0.375677614795918
"24"	230	113.364416667504	111.025508785854	96.0350638033457	53.8030983968316	71.9874226401926	4.46265132867835	19907	0.396743463010204
"25"	240	113.191490038113	110.965885612196	97.6277864981365	55.1899950929975	73.8668605670678	4.44163887565507	20990	0.418327487244898
"26"	250	113.148219313208	110.951041279726	100.133792283724	56.6602494797064	75.8128449992628	4.42200261721041	22161	0.441665338010204
"27"	260	113.052649023396	111.051822953423	101.707677173546	58.0462292217196	77.6574074999666	4.40935823138012	23295	0.464265784438776
"28"	270	113.104643717213	111.199150306557	103.966060169814	59.3689094023498	79.4073916541533	4.39729508196721	24400	0.486288265306122
"29"	280	113.225912374517	111.191959072692	105.654071750055	60.781653604455	81.2744359249702	4.38521932737002	25601	0.510224011479592
"30"	290	113.335293483435	111.284327870467	108.519847679225	62.1681092843577	83.1465738430971	4.38359946276675	26804	0.534199617346939
"31"	300	113.4204441611	111.344116050723	110.921232994817	63.5123296497131	84.9085070083922	4.37428112162886	27995	0.55793606505102
"32"	310	113.424537119461	111.307003048072	112.049742915753	64.8913763006815	86.797220296615	4.36638402625821	29248	0.582908163265306
"33"	320	113.451413216181	111.279874608532	115.175307657498	66.3219260367839	88.6595356546469	4.35476167108319	30567	0.609195631377551
"34"	330	113.48157038702	111.220743434143	117.654137298684	67.7268945021513	90.5311030678817	4.34149553221508	31895	0.635662468112245
"35"	340	113.436859951343	111.13729565669	118.315656787352	69.0904381084757	92.3591365099119	4.31813802240154	33212	0.661910076530612
"36"	350	113.516046453977	111.245469423826	120.813654064415	70.4179242510969	94.1349035886514	4.29427098418583	34526	0.688097895408163
"37"	360	113.33796589021	111.327785633124	120.799424388316	71.773163329596	96.0218825629672	4.26580163724453	35914	0.715760522959184
"38"	370	113.216704062177	111.415378142016	122.742155481115	72.9910258312189	97.6422048937045	4.23602150537634	37200	0.741390306122449
"39"	380	113.21710276491	111.395282731597	126.114842007271	74.0672670158899	99.1518249640468	4.21238661244917	38364	0.764588647959184
"40"	390	113.143925355492	111.403335480257	128.624659606101	75.0742569931126	100.524912280781	4.19342085255208	39458	0.786391900510204
"41"	400	113.120255544684	111.4024017792	130.502770599409	75.999693749905	101.751141766045	4.17473184716524	40462	0.806401466836735
"42"	410	113.078295914902	111.409393087874	131.430439795733	76.8671174551947	102.908812682884	4.15677280737754	41423	0.825554049744898
"43"	420	113.033416674535	111.377477046782	133.779709619357	77.6489156559913	103.879106115632	4.14526619521771	42281	0.842653858418367
"44"	430	113.004268473644	111.314284891953	135.254392548028	78.3822894825053	104.856614203032	4.13225634240884	43083	0.858637595663265
"45"	440	112.893038006803	111.396672583193	137.963159230515	79.0576472110954	105.683158063691	4.12159262134149	43802	0.872967155612245
"46"	450	112.799671470894	111.378742232265	141.617482724014	79.6999276763154	106.470517597331	4.11449128724002	44475	0.886379942602041
"47"	460	112.820178175584	111.40315227822	143.083653232528	80.3061970936983	107.218120460317	4.10562958692712	45101	0.898856026785714
"48"	470	112.840705066448	111.394614811851	144.527503037679	80.9376675982654	107.944107872088	4.10049196457855	45735	0.911491549744898
"49"	480	112.640283694648	111.408374211831	146.583239993508	81.5463487161458	108.657908241175	4.08862425301491	46353	0.923808195153061
"50"	490	112.457867863294	111.400794228164	147.891628647356	82.1450077492833	109.367534603104	4.07861099275671	46940	0.935507015306122
"51"	500	112.400862979609	111.450806960883	149.970128524461	82.6935161429835	109.938156666115	4.06812293303562	47473	0.94612962372449
"52"	510	112.338535685366	111.457040616817	152.058089238701	83.1973809103064	110.517709634033	4.05814268732665	47951	0.955656090561224
"53"	520	112.216871823952	111.453958434535	153.98253895907	83.6056347334924	110.936641164472	4.05076646186309	48339	0.963388871173469
"54"	530	112.091041301582	111.552956729663	156.170257870879	83.9709475701432	111.352509021154	4.04437140509449	48680	0.970184948979592
"55"	540	112.006459344849	111.546919692045	156.589808403956	84.2966973135474	111.668116852446	4.0366695250929	48978	0.976124043367347
"56"	550	111.916235400455	111.493733176389	157.395204178988	84.5996989142929	111.997470139789	4.02915795244574	49249	0.981525031887755
"57"	560	111.830256179909	111.495293818555	157.101103546263	84.8593036896584	112.260467004969	4.0233653360283	49475	0.986029177295918
"58"	570	111.79557665935	111.426350418085	157.52810241844	85.072483090265	112.479785614793	4.01804450709898	49655	0.989616549744898
"59"	580	111.730617255697	111.386211337617	157.767610454387	85.251275373911	112.680408824949	4.01321152494729	49805	0.992606026785714
"60"	590	111.671029543412	111.417436099261	157.747468779117	85.3999148952027	112.83502152235	4.00921308257726	49929	0.995077327806122
"61"	600	111.614712613434	111.43020378487	157.716626857529	85.4948689556079	112.94968510864	4.00647909292699	50007	0.996631855867347
"62"	610	111.597737078174	111.446442844332	157.791796475774	85.5702351346052	113.038318278004	4.00423424143165	50068	0.997847576530612
"63"	620	111.564640035119	111.471136968832	157.710124225713	85.6293350171497	113.098142431437	4.00239444488786	50116	0.998804209183674
"64"	630	111.554350066213	111.486165672803	157.713468527957	85.6597893209985	113.136821570228	4.00139606310205	50141	0.999302455357143
"65"	640	111.541802085618	111.493858792096	157.718715248331	85.6739955495961	113.159220404499	4.00091719338823	50153	0.999541613520408
"66"	650	111.531688596491	111.500029904306	157.707242160422	85.6825085168437	113.167903529824	4.0006379585327	50160	0.99968112244898
"67"	660	111.51983415062	111.499700992704	157.699049102073	85.689485936271	113.172828184062	4.00039867639437	50166	0.999800701530612
"68"	670	111.517989913688	111.502013275659	157.698957000085	85.6906185198377	113.174940223923	4.00035880160265	50167	0.999820631377551
"69"	680	111.503328417108	111.500219237055	157.687320790243	85.6992636757926	113.189157158833	4.00007972256547	50174	0.999960140306122
"70"	690	111.501165919283	111.5022122571	157.687200937764	85.7004731182245	113.189934190581	4.00003986048829	50175	0.999980070153061
"71"	700	111.50115595416	111.502202291978	157.687186844953	85.7004865539272	113.189945723385	4.00003986048829	50175	0.999980070153061
