"Time"	"xCenter"	"yCenter"	"MaximalerRadius"	"DurchschnittRadius"	"EightyProzentRadius"	"DurchschnittAnzahlZellen"	"AnzahlZellenSystem"	"Abdeckung"
"1"	0	111.995217218015	112	40.4635212921227	27.1335176556126	36.2330982430087	4	2509	0.0500039859693878
"2"	10	112.071441630149	111.910142243646	46.9890146029215	27.7595080297705	37.0248629343086	6.92608822670172	3423	0.0682198660714286
"3"	20	112.002004751182	111.758226728214	51.1753635631104	28.8722886759062	38.6279060072988	6.2616527809052	4441	0.088508450255102
"4"	30	111.961386999258	112.020525519288	54.6189637345342	30.4916586148832	40.9351912924321	5.93916913946587	5392	0.107461734693878
"5"	40	111.863990663313	111.867671235461	59.6706122218556	32.3386833197841	43.6758886460292	5.7934611757309	6362	0.12679368622449
"6"	50	111.502679617056	111.923825733297	62.5353876711373	34.2357358776464	46.2516843085198	5.63470939706681	7364	0.146763392857143
"7"	60	111.557753390031	111.778433841247	66.5505669793237	36.3964606448069	49.1373123384505	5.55634301913537	8466	0.168726084183673
"8"	70	111.452356306729	111.933342858633	70.8515750041163	38.476270114945	51.9838904753589	5.46541471048513	9585	0.191027582908163
"9"	80	111.650657142857	111.677753042839	73.9757773549605	40.8182292295645	55.1675229003739	5.39731568302997	10878	0.216796875
"10"	90	111.520777829419	111.38583719015	78.3366804983841	43.1898653341928	58.3341480922799	5.34230267449446	12264	0.244419642857143
"11"	100	111.763353812509	111.509342615542	81.5428885374169	45.5172280470884	61.4124104842238	5.25688875929436	13718	0.273397640306122
"12"	110	111.846233837852	111.706575138194	84.4522830469721	47.7873254227184	64.410778597729	5.20202684917083	15196	0.302853954081633
"13"	120	111.781589092744	111.874139929937	88.3768679165812	50.1849995112126	67.5560847884931	5.14155088469303	16842	0.335658482142857
"14"	130	111.724247154866	111.971126867119	92.3936820321857	52.5774547615759	70.7854704108469	5.09289794158853	18558	0.369858099489796
"15"	140	111.643595953502	112.023821517559	96.7041444361815	54.9735415658675	73.9371497987674	5.04630174612517	20388	0.406329719387755
"16"	150	111.960389415042	111.873096347381	100.2253018642	57.3309199357568	77.0607317295562	4.99586665468596	22258	0.443598533163265
"17"	160	112.062744552017	112.04149369689	106.412184685268	59.7522559118999	80.225679794362	4.96658691527102	24242	0.483139349489796
"18"	170	112.015324684893	112.05620100675	109.601011630688	62.2176316132385	83.5380567783354	4.92492037008949	26372	0.525589923469388
"19"	180	111.921477138213	111.886775703649	113.701536754623	64.6953002216045	86.8366370226439	4.87625838926174	28608	0.57015306122449
"20"	190	111.767964971847	111.884489470974	115.578236551553	67.1999112113648	90.1717478282308	4.83838645031999	30938	0.616589604591837
"21"	200	111.598840187831	111.762323622867	118.405527766109	69.6017575739925	93.3999751578445	4.78076923076923	33280	0.663265306122449
"22"	210	111.686107692048	111.667688163071	122.364738873965	72.061864509255	96.6805560188381	4.67503073655974	35788	0.713249362244898
"23"	220	111.38516981727	111.683119865224	127.130703491624	74.2809888319731	99.6486717862422	4.56141637420774	38182	0.760961415816326
"24"	230	111.20820662899	111.670336716518	130.568932055913	76.0957848149443	102.029317090162	4.46391162640261	40193	0.801040338010204
"25"	240	111.244832864467	111.606549181107	133.121187233368	77.6633858235112	104.022509450588	4.3830000238362	41953	0.836116868622449
"26"	250	111.180474163987	111.596305063111	136.030238194912	79.0527271161201	105.796863864553	4.32231652061915	43479	0.86652981505102
"27"	260	111.140109915676	111.628410937433	140.330011123022	80.2333693833473	107.17219715352	4.27586669049321	44768	0.892219387755102
"28"	270	111.116507668525	111.671991369448	143.965908695153	81.3351365118502	108.448771798407	4.2323201532834	45928	0.915338010204082
"29"	280	111.134552824112	111.711901016201	147.872256723333	82.3539184434899	109.590889718158	4.18832095033317	46973	0.936164700255102
"30"	290	111.178631226481	111.599481930281	151.603810139275	83.1713342144678	110.492036247865	4.15178272514228	47792	0.952487244897959
"31"	300	111.216415042835	111.540205955432	155.572153840126	83.8847595029396	111.239086922616	4.11759610625309	48488	0.966358418367347
"32"	310	111.332484596866	111.532831687404	156.555251932927	84.5078727176015	111.841004142876	4.08330446477696	49073	0.978017378826531
"33"	320	111.367693135984	111.55902251567	157.633050402136	84.9592325550492	112.323416332247	4.05394920288537	49491	0.986348054846939
"34"	330	111.41217863028	111.535800409951	157.721620801622	85.257849463221	112.624141300875	4.03299706603432	49762	0.991749043367347
"35"	340	111.461153283794	111.536102709957	157.686761416	85.4353814443325	112.874451739425	4.01994912572356	49927	0.995037468112245
"36"	350	111.466754627964	111.544030626524	157.739454771563	85.538839714296	112.979677800691	4.01227459917636	50022	0.996930803571429
"37"	360	111.485951353942	111.529984423676	157.696083574827	85.5966242547127	113.034793068956	4.0079079798706	50076	0.998007015306122
"38"	370	111.513467677574	111.515023942538	157.704958826227	85.6417040816463	113.128238085231	4.00446927374302	50120	0.998883928571429
"39"	380	111.503969124599	111.501595627979	157.688747087815	85.6605638168048	113.146908035014	4.00311147455971	50137	0.999222735969388
"40"	390	111.499561394765	111.497468051596	157.68691271017	85.6825146580039	113.159043010958	4.00135568890927	50159	0.999661192602041
"41"	400	111.497767234161	111.5	157.686391016369	85.6856604932146	113.181299531923	4.00111638291934	50162	0.999720982142857
"42"	410	111.498684499013	111.501993183313	157.687151798433	85.6961038908359	113.189929111842	4.00039863666261	50171	0.999900350765306
"43"	420	111.50200306938	111.498345723796	157.687398338657	85.6977292383519	113.189737058716	4.00019931038606	50173	0.999940210459184
"44"	430	111.501893373194	111.498106626806	157.687489838649	85.700296108463	113.189721536364	4.00007972097658	50175	0.999980070153061
"45"	440	111.5	111.5	157.6848122046	85.7012657947444	113.192314226718	4	50176	1
"46"	450	111.5	111.5	157.6848122046	85.7012657947444	113.192314226718	4	50176	1
"47"	460	111.5	111.5	157.6848122046	85.7012657947444	113.192314226718	4	50176	1
"48"	470	111.5	111.5	157.6848122046	85.7012657947444	113.192314226718	4	50176	1
"49"	480	111.5	111.5	157.6848122046	85.7012657947444	113.192314226718	4	50176	1
"50"	490	111.5	111.5	157.6848122046	85.7012657947444	113.192314226718	4	50176	1
"51"	500	111.5	111.5	157.6848122046	85.7012657947444	113.192314226718	4	50176	1
"52"	510	111.5	111.5	157.6848122046	85.7012657947444	113.192314226718	4	50176	1
"53"	520	111.5	111.5	157.6848122046	85.7012657947444	113.192314226718	4	50176	1
"54"	530	111.5	111.5	157.6848122046	85.7012657947444	113.192314226718	4	50176	1
"55"	540	111.5	111.5	157.6848122046	85.7012657947444	113.192314226718	4	50176	1
"56"	550	111.5	111.5	157.6848122046	85.7012657947444	113.192314226718	4	50176	1
"57"	560	111.5	111.5	157.6848122046	85.7012657947444	113.192314226718	4	50176	1
"58"	570	111.5	111.5	157.6848122046	85.7012657947444	113.192314226718	4	50176	1
"59"	580	111.5	111.5	157.6848122046	85.7012657947444	113.192314226718	4	50176	1
"60"	590	111.5	111.5	157.6848122046	85.7012657947444	113.192314226718	4	50176	1
"61"	600	111.5	111.5	157.6848122046	85.7012657947444	113.192314226718	4	50176	1
"62"	610	111.5	111.5	157.6848122046	85.7012657947444	113.192314226718	4	50176	1
"63"	620	111.5	111.5	157.6848122046	85.7012657947444	113.192314226718	4	50176	1
"64"	630	111.5	111.5	157.6848122046	85.7012657947444	113.192314226718	4	50176	1
"65"	640	111.5	111.5	157.6848122046	85.7012657947444	113.192314226718	4	50176	1
"66"	650	111.5	111.5	157.6848122046	85.7012657947444	113.192314226718	4	50176	1
"67"	660	111.5	111.5	157.6848122046	85.7012657947444	113.192314226718	4	50176	1
"68"	670	111.5	111.5	157.6848122046	85.7012657947444	113.192314226718	4	50176	1
"69"	680	111.5	111.5	157.6848122046	85.7012657947444	113.192314226718	4	50176	1
"70"	690	111.5	111.5	157.6848122046	85.7012657947444	113.192314226718	4	50176	1
"71"	700	111.5	111.5	157.6848122046	85.7012657947444	113.192314226718	4	50176	1
