"Time"	"xCenter"	"yCenter"	"MaximalerRadius"	"DurchschnittRadius"	"EightyProzentRadius"	"DurchschnittAnzahlZellen"	"AnzahlZellenSystem"	"Abdeckung"
"1"	0	111.995217218015	112	40.4635212921227	27.1335176556126	36.2330982430087	4	2509	0.0500039859693878
"2"	10	112.122289833279	112.086555279503	47.0387841648535	27.2836581507746	36.3511949421211	6.15822164105917	3059	0.0609654017857143
"3"	20	111.926953316886	112.082439720395	49.336167513319	27.5608045480014	36.8983499807653	5.73958333333333	3648	0.0727040816326531
"4"	30	112.099178925035	112.185206082037	50.5006804551837	28.0503718285359	37.5085209251881	5.39179632248939	4242	0.0845424107142857
"5"	40	112.177941148024	112.220534335576	54.9482618472299	28.7086356676408	38.3831875879262	5.20437342304457	4756	0.0947863520408163
"6"	50	112.095058419958	112.410662653563	56.5958859224208	29.378245579016	39.4169933795707	5.0954450954451	5291	0.105448820153061
"7"	60	111.99281085863	112.173397918474	58.8715702455276	30.1370432190779	40.4654857683662	4.97346053772767	5765	0.114895567602041
"8"	70	111.938334417561	112.181966639962	61.2003958577428	30.9971877921028	41.5227070526314	4.95337285691396	6241	0.124382174744898
"9"	80	111.882853921861	111.890989725619	63.746439553441	31.8788731343493	42.691516561051	4.90128243364151	6706	0.133649553571429
"10"	90	111.647377821175	112.036962742363	64.1694466858877	32.8109148320483	44.0339303371201	4.86622959966523	7169	0.142877072704082
"11"	100	111.622526295236	112.052583285603	65.8922838488828	33.8599656468443	45.4081710179801	4.82556625878677	7682	0.153101084183673
"12"	110	111.587357176011	111.952424893123	67.3318639664047	34.9307497304617	46.9488123944539	4.85599120556981	8187	0.163165656887755
"13"	120	111.553620880387	111.835171087808	68.8797689957682	35.9461182101915	48.3240673769391	4.83014519474533	8678	0.172951211734694
"14"	130	111.511121820951	111.864979778092	72.93782241234	36.9337060642067	49.5186770217615	4.82802132057	9193	0.183215082908163
"15"	140	111.465643484957	111.773888561454	75.758446693567	37.9713005717513	50.8698961210376	4.82164493274464	9739	0.194096779336735
"16"	150	111.355696263397	111.785600704837	78.1790574543751	39.1504678691981	52.4635871096002	4.78014869170609	10357	0.206413424744898
"17"	160	111.378189145518	111.728963492788	79.3702671182064	40.2463565644713	53.966418867973	4.73562169070659	10954	0.218311543367347
"18"	170	111.333878296585	111.675446649373	80.1964383249886	41.2975199517162	55.3389650013803	4.6863813229572	11565	0.230488679846939
"19"	180	111.324324570447	111.737907568319	81.762693951388	42.4422744012001	56.8659505665402	4.71444935362461	12222	0.243582589285714
"20"	190	111.395190613606	111.921993522613	84.7633649529725	43.5668000783947	58.2929167923988	4.72888061438213	12891	0.256915656887755
"21"	200	111.277785744822	111.960324810201	86.4017040514163	44.6613476106955	59.7565172324159	4.73310238077689	13567	0.270388233418367
"22"	210	111.31319865101	112.007089669393	87.3141235181177	45.8209205818773	61.2936724761772	4.69322709163347	14307	0.285136320153061
"23"	220	111.422880314908	112.111925744087	90.2312411738509	46.9621779540069	62.8434572270473	4.67140579325007	15052	0.299984056122449
"24"	230	111.313063660411	112.087462904648	90.7137413732448	48.2294374336484	64.5875030691512	4.66230003778813	15878	0.316446109693878
"25"	240	111.414801587967	112.104713578619	95.8613656493948	49.4287313574519	66.2018640595939	4.67941035474592	16688	0.332589285714286
"26"	250	111.446305307517	112.022416326879	97.9221744999608	50.656881290537	67.8432488482865	4.65728929384966	17560	0.349968112244898
"27"	260	111.461718104337	111.903856929591	98.1829056241841	51.832677602855	69.3342920657608	4.63492752836437	18421	0.367127710459184
"28"	270	111.385382031614	111.87493917077	100.764296964347	53.0246790559323	70.8753696534049	4.61891681782845	19295	0.384546396683673
"29"	280	111.342177937757	111.738833877591	100.689383355658	54.2400473242947	72.5238304620643	4.59264756815595	20211	0.402802136479592
"30"	290	111.437760993883	111.523061705154	103.54360864022	55.3845490846054	74.0467224071329	4.58883778273033	21089	0.420300542091837
"31"	300	111.485762547037	111.340106700821	104.220018551486	56.6167700329209	75.7068806166115	4.58067733599311	22057	0.439592633928571
"32"	310	111.315898333189	111.119785647192	108.042147983785	57.8190332082891	77.337817507072	4.5667158607518	23038	0.45914381377551
"33"	320	111.432156699829	110.981091004454	110.548622413908	59.0051477793467	78.9116481874855	4.54156433417974	24023	0.478774713010204
"34"	330	111.493642743222	111.082404941388	111.818052121345	60.2680980243693	80.5363489282029	4.52966507177034	25080	0.49984056122449
"35"	340	111.589726564608	111.193587149372	111.440234994064	61.4500722990605	82.1594948342438	4.53065603923973	26096	0.520089285714286
"36"	350	111.708207966314	111.150233021302	113.27746520413	62.6459462867566	83.8100143213263	4.52187373309254	27133	0.540756536989796
"37"	360	111.798212701487	111.131525024823	116.267756824766	63.884641342696	85.450705773926	4.50318696883853	28240	0.56281887755102
"38"	370	111.893653893476	111.169403620206	120.317222274237	65.0540702909039	86.9570228986942	4.50914426095264	29308	0.584103954081633
"39"	380	111.92154655974	111.115850437666	119.897880590343	66.2830095137674	88.6231071685958	4.48455199133204	30457	0.607003348214286
"40"	390	112.117894394818	111.106349630397	120.981804165882	67.4674396911084	90.2313444594804	4.4708416484526	31569	0.629165338010204
"41"	400	112.149037747786	111.064884391681	121.975473093343	68.6810398941544	91.877714001927	4.44451230684664	32746	0.652622767857143
"42"	410	112.182686947511	111.045077123458	125.117819601358	69.8255453378795	93.3427537118309	4.42782074747594	33874	0.675103635204082
"43"	420	112.165890105769	111.115483156956	125.435161053735	71.0005616459762	94.9449545838318	4.40219128052956	35048	0.698501275510204
"44"	430	112.064501040627	111.328863689004	128.436054659828	72.1647111867107	96.5112449324551	4.37199160962685	36232	0.722098214285714
"45"	440	111.938138524797	111.488092514107	132.9396252276	73.2070162256101	97.9228980823373	4.35918870401629	37323	0.743841677295918
"46"	450	111.86080937991	111.678426938152	135.735412202954	74.2391458985	99.3249599102824	4.3355285420517	38417	0.765644929846939
"47"	460	111.760629674695	111.849637799601	140.362518107976	75.2999105036369	100.766285800326	4.29838750442299	39566	0.788544323979592
"48"	470	111.725445920291	111.980880535953	138.660720106822	76.2748921313491	102.038036054264	4.27112719395416	40623	0.809610172193878
"49"	480	111.771269298055	112.126206970372	142.875953286811	77.197155775402	103.259666544871	4.24600240096038	41650	0.830078125
"50"	490	111.733891593678	112.13897493344	142.279514839511	77.9848310775871	104.273550303393	4.2224940025401	42518	0.847377232142857
"51"	500	111.587259779359	112.093159958252	143.792938880764	78.686806558682	105.154366065966	4.20220409860684	43283	0.86262356505102
"52"	510	111.446915645426	112.038124514216	147.61194916873	79.3864026506267	106.029765367109	4.18080661277137	44036	0.877630739795918
"53"	520	111.322413721655	112.004035480157	147.579489147262	80.0024832621114	106.7835185756	4.16460850111857	44700	0.890864158163265
"54"	530	111.331258205032	111.891519838056	149.099923752448	80.6273041016984	107.535250056703	4.14968356523848	45349	0.903798628826531
"55"	540	111.339396225573	111.855751581799	150.480119331961	81.2095851033177	108.244628935942	4.13091352221787	45954	0.91585618622449
"56"	550	111.30882394878	111.801405524641	150.715088654644	81.6892462183452	108.81057317653	4.12134260555041	46447	0.925681600765306
"57"	560	111.240765532102	111.738701078651	152.380052248391	82.1723969791206	109.344873874234	4.10846171876665	46929	0.935287786989796
"58"	570	111.174913386426	111.603490171368	151.109760034221	82.6537374630541	109.904712333857	4.09894306027299	47401	0.944694674744898
"59"	580	111.198308781758	111.547560901324	152.547263595961	83.0840230239415	110.385882897384	4.08276352382745	47823	0.953105070153061
"60"	590	111.223978772167	111.523434588211	154.730202696811	83.4530656185911	110.775783755547	4.07567455375675	48180	0.960220025510204
"61"	600	111.273607118967	111.504978696048	155.739490120287	83.8034465857952	111.152381021696	4.06709140017732	48501	0.966617506377551
"62"	610	111.29183922995	111.447300724356	156.867885994431	84.1286340171241	111.499633553784	4.05737469775829	48802	0.972616390306122
"63"	620	111.338366090998	111.447143471845	156.548050050757	84.4220565753486	111.780086783309	4.04834206289359	49067	0.977897799744898
"64"	630	111.34422124612	111.453764838057	156.902548549143	84.6720361197311	112.038528478138	4.039643733896	49289	0.982322225765306
"65"	640	111.311282044973	111.413332361382	157.61277202431	84.8816194000025	112.263665004833	4.0335934025953	49474	0.98600924744898
"66"	650	111.324520965108	111.447790168215	157.77205884139	85.0716532435344	112.458293923543	4.02622937609541	49639	0.989297672193878
"67"	660	111.366611032071	111.449606097319	157.7435521082	85.2139732876521	112.606966534233	4.02158186640945	49764	0.991788903061224
"68"	670	111.403411800553	111.463463211879	157.727303054807	85.3353196734625	112.752901098161	4.01832838694153	49868	0.993861607142857
"69"	680	111.409939617694	111.464731271157	157.773438025993	85.4434914983431	112.895821978053	4.01196957566053	49960	0.995695153061224
"70"	690	111.416372497601	111.463976029588	157.71849567796	85.5133455153281	112.971029293635	4.00903638544582	50020	0.996890943877551
"71"	700	111.437209835434	111.468836917517	157.751248767908	85.5751971597094	113.031708406345	4.00603143536179	50071	0.997907366071429
