"Time"	"xCenter"	"yCenter"	"MaximalerRadius"	"DurchschnittRadius"	"EightyProzentRadius"	"AnzahlZellenSystem"	"Abdeckung"
"1"	1	25.224	24.872	10.1055707409329	6.72333643390952	8.83733896600102	125	0.05
"2"	25000	25.3287671232877	24.7205479452055	12.7226425449699	7.38494471114294	9.8610839055771	365	0.146
"3"	50000	25.4293193717278	24.4956369982548	16.3762146864638	9.08607466920575	12.073970204423	573	0.2292
"4"	75000	25.9037304452467	24.6209386281588	18.9207004948553	10.9615480534649	14.5770332644345	831	0.3324
"5"	1e+05	25.9025460930641	24.5776997366111	25.0893739388758	12.8089486140384	17.0752336146294	1139	0.4556
"6"	125000	25.7444369521241	24.8948078219825	25.9206250961962	14.6221229840486	19.5104838663179	1483	0.5932
"7"	150000	25.7380568974772	24.8180354267311	28.0090231054516	16.3516696780234	21.8300849967003	1863	0.7452
"8"	175000	25.2621315192744	24.6104308390023	31.8783199021794	17.7821663986702	23.7185514611201	2205	0.882
"9"	2e+05	24.7300332778702	24.2366888519135	32.9145637113609	18.6243754255231	24.7556434376702	2404	0.9616
