"Time"	"xCenter"	"yCenter"	"MaximalerRadius"	"DurchschnittRadius"	"EightyProzentRadius"	"DurchschnittAnzahlZellen"	"AnzahlZellenSystem"	"Abdeckung"
"1"	0	111.995217218015	112	40.4635212921227	27.1335176556126	36.2330982430087	4	2509	0.0500039859693878
"2"	10	111.876718567716	112.064975166041	46.5952542285762	27.5906830107954	36.9352305772783	6.1224371931851	3463	0.0690170599489796
"3"	20	111.668644950406	112.119692177638	50.4338451414896	28.6091371759683	38.2329624617173	5.63976555455365	4436	0.0884088010204082
"4"	30	111.366345086158	112.082349157357	54.0216576362836	29.9877918243011	40.2026320988379	5.43003219087294	5281	0.105249521683673
"5"	40	111.12393987989	112.046898896283	60.1964197673695	31.6811741671911	42.6390702145118	5.30465833468593	6161	0.122787786989796
"6"	50	111.095719276602	112.298750932287	63.5736700036595	33.600535386277	45.3161145323585	5.20930884620777	7133	0.142159598214286
"7"	60	111.208075495786	112.315711440258	67.942224101477	35.4818420618672	47.8559019738559	5.16856717897868	8068	0.160794005102041
"8"	70	111.168665698312	112.268874380618	69.7024071225007	37.4233007569499	50.37166330031	5.07695680771761	9122	0.18180006377551
"9"	80	111.260115650307	112.471414596546	72.6335919017206	39.4998476655966	53.2836719517723	5.02370963020782	10249	0.20426100127551
"10"	90	111.448668740116	112.65364376208	76.0388124296398	41.5055160105872	55.89142168357	4.9854155684414	11382	0.226841517857143
"11"	100	111.705806968119	112.780044294508	79.273693922037	43.6659946318889	58.752475669298	4.93339646464646	12672	0.252551020408163
"12"	110	111.951542884615	112.577644779202	83.0085008693267	45.8314978042274	61.6523604062549	4.89116809116809	14040	0.279815051020408
"13"	120	112.011735409264	112.608176652239	87.6212587731124	48.0119544221469	64.5601073836437	4.85599844951224	15479	0.308494100765306
"14"	130	111.890122003894	112.439672142562	90.6955651721953	50.1828286519485	67.4797104691787	4.83365787455007	16947	0.337751116071429
"15"	140	111.817373822244	112.342559457126	94.4327785815636	52.3739934671871	70.3908907748982	4.79369704818952	18531	0.369319993622449
"16"	150	111.75082984327	112.387328489237	97.2945897357203	54.5475006890461	73.2602838355775	4.76599543696062	20162	0.401825573979592
"17"	160	111.757028852564	112.461397790055	100.737642360668	56.7405409023246	76.1791701417243	4.7373179306881	21901	0.436483577806122
"18"	170	111.638044203297	112.533924243449	104.659822325849	58.9158891020513	79.0695112152384	4.71073541842773	23660	0.471540178571429
"19"	180	111.557971288708	112.636737584063	107.09922539421	61.1736366925634	82.0395465166844	4.68149827963716	25576	0.509725765306122
"20"	190	111.446929256349	112.638758398457	112.716728881563	63.3498493783037	84.9659299928121	4.65866259186495	27486	0.547791772959184
"21"	200	111.690084506159	112.821082297124	115.034457987612	65.6116905350961	87.9820026530982	4.63323181049069	29550	0.588926977040816
"22"	210	111.744385570374	112.659188165268	117.746430236693	67.8635275867349	90.8991315696011	4.59435748548346	31688	0.631536989795918
"23"	220	111.880717399349	112.710419654059	120.424444655136	70.0368823794725	93.8501454771656	4.5440189265119	33815	0.673927774234694
"24"	230	111.908886913129	112.585212695688	123.478359927403	72.1445787871857	96.6974111885389	4.48002668668168	35973	0.716936383928571
"25"	240	112.006084100034	112.552204715332	127.587005428054	74.1535427967163	99.4520318668831	4.41331338425598	38097	0.759267378826531
"26"	250	112.17337558862	112.580699924836	130.813039381304	75.8969238059778	101.766291065374	4.34793473100277	40019	0.797572544642857
"27"	260	112.236941449049	112.401324286512	134.027225671204	77.4421690728996	103.78049092604	4.29468436945789	41726	0.831592793367347
"28"	270	112.208026301074	112.262225439804	137.984709718807	78.7832654049034	105.438376388329	4.25282459714762	43192	0.860809948979592
"29"	280	112.257626770758	112.181027582854	142.60944838542	79.977654324127	106.8541692176	4.21050503235083	44512	0.887117346938776
"30"	290	112.339105135021	112.148334212601	145.658499544641	81.0266156395455	108.087914295632	4.17821608590839	45630	0.909398915816326
"31"	300	112.261995082143	112.040734761485	149.222910808033	81.993345278499	109.158458280225	4.15163213657616	46626	0.929249043367347
"32"	310	112.205744495262	111.931328614055	152.52887840464	82.8491439495613	110.103859693779	4.12201490965758	47486	0.946388711734694
"33"	320	112.134528536946	111.860373827148	154.683368119844	83.6104285432045	110.927743845833	4.0952894344004	48232	0.96125637755102
"34"	330	112.051055098367	111.822468187728	156.219242148213	84.2746536043919	111.615524297254	4.06942568259036	48858	0.973732461734694
"35"	340	111.875151693083	111.759134483153	156.896309927508	84.7784294216634	112.107674350305	4.04764221708632	49326	0.983059630102041
"36"	350	111.720079968579	111.688944731153	157.310556089941	85.129332310229	112.495203172641	4.03009124050837	49649	0.989496970663265
"37"	360	111.639779777564	111.609018466675	157.508886780864	85.3542789590959	112.752857108166	4.01849288966444	49857	0.993642378826531
"38"	370	111.541167370176	111.549369502671	157.690624983372	85.4964021026568	112.934671396509	4.01120291275732	49987	0.996233258928571
"39"	380	111.531860003795	111.528794173324	157.727701199446	85.5842209140981	113.020538796897	4.00643125349525	50068	0.997847576530612
"40"	390	111.509919367715	111.523790515727	157.708648996782	85.6223748641496	113.077507218173	4.00423119910586	50104	0.998565051020408
"41"	400	111.506472524185	111.520235364516	157.703697834083	85.6565929468838	113.138271498607	4.00239353744889	50135	0.99918287627551
"42"	410	111.51225226303	111.508643378395	157.699587674995	85.6762364330418	113.159799987857	4.00119631534873	50154	0.999561543367347
"43"	420	111.500019934614	111.492085958058	157.690422472022	85.6875657785732	113.18174706651	4.00079738457858	50164	0.999760841836735
"44"	430	111.497548189049	111.494249207646	157.690612338275	85.6913579021307	113.184628375402	4.00043853529212	50167	0.999820631377551
"45"	440	111.500129559498	111.499880406618	157.684988382291	85.694418095171	113.18363173514	4.00027905122583	50170	0.999880420918367
"46"	450	111.502381759113	111.501943276264	157.687870466749	85.697810304831	113.189267142265	4.00015944830885	50173	0.999940210459184
"47"	460	111.500219237055	111.500219237055	157.685122252617	85.6988185483752	113.19201401428	4.00015944513094	50174	0.999960140306122
"48"	470	111.502152466368	111.502112605879	157.687828066111	85.6999577584465	113.189401082069	4.00007972097658	50175	0.999980070153061
"49"	480	111.502092675635	111.502152466368	157.687813973303	85.6999716848926	113.189418249372	4.00007972097658	50175	0.999980070153061
"50"	490	111.502072745391	111.502172396612	157.687813973313	85.6999712217918	113.189425292533	4.00007972097658	50175	0.999980070153061
"51"	500	111.502062780269	111.5022122571	157.687835112549	85.6999490470863	113.18941362791	4.00003986048829	50175	0.999980070153061
"52"	510	111.502052815147	111.5022122571	157.687828066149	85.6999558493112	113.189422211565	4.00007972097658	50175	0.999980070153061
"53"	520	111.5	111.5	157.6848122046	85.7012657947444	113.192314226718	4	50176	1
"54"	530	111.5	111.5	157.6848122046	85.7012657947444	113.192314226718	4	50176	1
"55"	540	111.5	111.5	157.6848122046	85.7012657947444	113.192314226718	4	50176	1
"56"	550	111.5	111.5	157.6848122046	85.7012657947444	113.192314226718	4	50176	1
"57"	560	111.5	111.5	157.6848122046	85.7012657947444	113.192314226718	4	50176	1
"58"	570	111.5	111.5	157.6848122046	85.7012657947444	113.192314226718	4	50176	1
"59"	580	111.5	111.5	157.6848122046	85.7012657947444	113.192314226718	4	50176	1
"60"	590	111.5	111.5	157.6848122046	85.7012657947444	113.192314226718	4	50176	1
"61"	600	111.5	111.5	157.6848122046	85.7012657947444	113.192314226718	4	50176	1
"62"	610	111.5	111.5	157.6848122046	85.7012657947444	113.192314226718	4	50176	1
"63"	620	111.5	111.5	157.6848122046	85.7012657947444	113.192314226718	4	50176	1
"64"	630	111.5	111.5	157.6848122046	85.7012657947444	113.192314226718	4	50176	1
"65"	640	111.5	111.5	157.6848122046	85.7012657947444	113.192314226718	4	50176	1
"66"	650	111.5	111.5	157.6848122046	85.7012657947444	113.192314226718	4	50176	1
"67"	660	111.5	111.5	157.6848122046	85.7012657947444	113.192314226718	4	50176	1
"68"	670	111.5	111.5	157.6848122046	85.7012657947444	113.192314226718	4	50176	1
"69"	680	111.5	111.5	157.6848122046	85.7012657947444	113.192314226718	4	50176	1
"70"	690	111.5	111.5	157.6848122046	85.7012657947444	113.192314226718	4	50176	1
"71"	700	111.5	111.5	157.6848122046	85.7012657947444	113.192314226718	4	50176	1
