"Time"	"xCenter"	"yCenter"	"MaximalerRadius"	"DurchschnittRadius"	"EightyProzentRadius"	"DurchschnittAnzahlZellen"	"AnzahlZellenSystem"	"Abdeckung"
"1"	0	111.995217218015	112	40.4635212921227	27.1335176556126	36.2330982430087	4	2509	0.0500039859693878
"2"	10	112.111694564565	112.31244027027	45.6291776948134	27.4451963021434	36.7043989697062	5.64144144144144	3330	0.0663663903061224
"3"	20	111.864823858115	112.22900138484	50.5836125886137	28.1004583984943	37.5431362589941	5.31681243926142	4116	0.08203125
"4"	30	111.875511984404	112.160237882208	53.9775488321594	29.1372748213805	38.8769966734342	5.14221218961625	4873	0.0971181441326531
"5"	40	111.955531660993	112.04213237771	56.6412516449821	30.2701939126336	40.3323513035471	5.01021322343666	5581	0.111228475765306
"6"	50	112.175309873983	112.046875035891	58.4072643428319	31.4196690737427	41.9683780435883	4.942415058223	6269	0.124940210459184
"7"	60	112.10060687518	112.377180859037	60.6499258914932	32.7148366578228	43.8654278368686	4.91351974632459	6938	0.138273278061224
"8"	70	112.167145687978	112.445670029828	63.3929560565905	34.3040921991631	46.0036822081079	4.87355725586824	7711	0.153679049744898
"9"	80	112.012287956888	112.398054182287	66.5369873805288	35.967605763405	48.2741925919846	4.83388003748829	8536	0.170121173469388
"10"	90	111.978176631826	112.380151706485	69.1347566437055	37.5772315833525	50.4270676212147	4.79991467576792	9376	0.186862244897959
"11"	100	111.921324990242	112.429870989461	71.8367402800487	39.1988625277358	52.6041497728195	4.77049180327869	10248	0.204241071428571
"12"	110	111.933998768627	112.501874587312	75.1466570288891	40.9195119950864	54.9744390439925	4.74221468724904	11207	0.223353794642857
"13"	120	111.944846058125	112.257922071224	77.6687903585397	42.6343522907914	57.2254164797978	4.70683585755219	12215	0.243443080357143
"14"	130	111.973399175117	112.301847941577	81.4063189815572	44.2480265704897	59.388527465391	4.68639321931285	13214	0.26335299744898
"15"	140	111.797548184172	112.14133670142	82.8921991689954	45.9222140329201	61.623639880715	4.65159890840389	14291	0.284817442602041
"16"	150	111.877094846697	112.070360134829	87.234997100122	47.6180753939569	63.860054146561	4.62085953198937	15427	0.30745774872449
"17"	160	111.770549622562	112.031871954828	89.3096682791805	49.2808265447321	66.0174885477365	4.60317652032128	16559	0.330018335459184
"18"	170	111.966512412706	111.99640492228	91.5053487423611	50.9992989445255	68.2434831983417	4.59213786888939	17756	0.353874362244898
"19"	180	111.904321689978	112.093408192239	94.5134234906049	52.7514351895137	70.6332669798213	4.57808392049637	19018	0.379025829081633
"20"	190	111.886419176067	112.224488670917	97.2421985971062	54.5365299050062	73.0306042510102	4.54771947032859	20390	0.406369579081633
"21"	200	111.885069823465	112.137299963222	99.133764904119	56.2985013087013	75.3553623047571	4.53208900331004	21752	0.433514030612245
"22"	210	111.963088835077	112.167604951137	101.901459722198	57.9946577418059	77.549459284737	4.51197786041685	23126	0.460897640306122
"23"	220	111.825557988255	112.169692279271	104.509985890915	59.6802542218663	79.8520943400908	4.49647241140247	24521	0.488699776785714
"24"	230	111.895241024783	112.312521395752	108.024087254248	61.3890299406565	82.183165922615	4.47964288463019	25986	0.51789700255102
"25"	240	111.954921605193	112.267457320567	111.244513798445	63.1703844057989	84.5139563439588	4.46124832263446	27573	0.549525669642857
"26"	250	111.829523403687	112.29463576338	112.993606453463	64.9596545566796	86.899318727977	4.44850270677722	29186	0.581672512755102
"27"	260	111.758800757246	112.274995257133	115.02051058521	66.6994204323767	89.2256620248067	4.43039371612191	30809	0.614018654336735
"28"	270	111.73083023278	112.22358793928	116.679400021065	68.4521030849456	91.5858765226893	4.40705730209071	32477	0.647261639030612
"29"	280	111.747002815275	112.239408140317	120.049622532028	70.2492652181652	93.9806929251741	4.37353653907915	34251	0.6826171875
"30"	290	111.66395901039	112.25311777428	123.67932574759	71.9571322163328	96.3258974366537	4.33398155350594	35996	0.717394770408163
"31"	300	111.756211570632	112.147262354992	126.340543945873	73.5322680183648	98.4684114920644	4.29097185342539	37660	0.750558035714286
"32"	310	111.723040454408	112.127892142116	128.143127269288	74.8815925748177	100.242712579758	4.25612062356248	39130	0.779854910714286
"33"	320	111.748756494213	112.005231895689	129.669684674747	76.1643458694384	101.959250553073	4.22328060607556	40523	0.8076171875
"34"	330	111.78615574728	111.859249330918	132.541097696301	77.3454948595581	103.514905086529	4.19680990984528	41817	0.833406409438776
"35"	340	111.89339955698	111.760264663098	135.710745940541	78.3915402618824	104.886312122939	4.1716971911289	42971	0.856405452806122
"36"	350	111.916304236726	111.643123122397	137.958327316275	79.3282251854542	106.051683782241	4.15128648058914	43996	0.876833545918367
"37"	360	111.802878740714	111.626076678463	142.018043690399	80.2060301992644	107.087503954852	4.13162404575905	44931	0.895467952806122
"38"	370	111.804333460502	111.602606346736	144.476846176395	81.0515772749641	108.08515226886	4.11507650666841	45813	0.913046077806122
"39"	380	111.876677589731	111.493433974135	146.423357022366	81.7730654487936	108.925632235335	4.09933404940924	46550	0.927734375
"40"	390	111.873059002945	111.468892395648	148.990610739372	82.414231411206	109.652828248165	4.08496482752776	47196	0.940609056122449
"41"	400	111.930213421152	111.430147881738	150.529497745534	82.9849990242561	110.287862523074	4.07296335078534	47750	0.951650191326531
"42"	410	111.966813457427	111.404628502093	151.733795845945	83.5030847699372	110.84684787834	4.06085478588899	48246	0.961535395408163
"43"	420	111.876410463979	111.425824114552	155.717310945851	83.9944483803299	111.374848694799	4.05105351788721	48694	0.970463966836735
"44"	430	111.826034840232	111.519811144408	156.81823669069	84.4353356787606	111.813395532042	4.03943776736606	49090	0.97835618622449
"45"	440	111.802702771221	111.482483774137	157.129652898315	84.7731615006942	112.151410565167	4.02996922080026	49384	0.98421556122449
"46"	450	111.803771897178	111.476729982534	157.13296162698	85.0670742907201	112.464172697368	4.02123330445819	49639	0.989297672193878
"47"	460	111.669349253267	111.457996521914	157.242016283338	85.2691391639246	112.67128604034	4.01501736633942	49809	0.992685746173469
"48"	470	111.617773586477	111.467445190613	157.745106794868	85.4287260532649	112.862824011554	4.00953067435528	49944	0.995376275510204
"49"	480	111.531414240323	111.472832277532	157.726235936327	85.5436867094845	112.996315820893	4.00571531344298	50041	0.997309470663265
"50"	490	111.522891671158	111.480528777625	157.714767312434	85.6013103681681	113.051110132545	4.00343375057396	50091	0.998305963010204
"51"	500	111.517171435098	111.473740732612	157.715522479754	85.6394200510854	113.118395643895	4.00219464506604	50122	0.998923788265306
"52"	510	111.51238383919	111.481573804491	157.706598246941	85.6654589883469	113.154831130463	4.00119650620189	50146	0.999402104591837
"53"	520	111.50211319551	111.492783237974	157.691409522136	85.6837245315654	113.163634443458	4.00063794581448	50161	0.999701052295918
"54"	530	111.494069806845	111.4969701198	157.691147946565	85.6908113746699	113.185153922266	4.00035880160265	50167	0.999820631377551
"55"	540	111.493781020152	111.497189499492	157.691197029809	85.6926930394952	113.185529719774	4.00031892204349	50169	0.999860491071429
"56"	550	111.491658694092	111.499591405565	157.690999418232	85.6963830599833	113.18488633366	4.00015945148689	50172	0.999920280612245
"57"	560	111.497817638266	111.497847533632	157.687877390947	85.6999085420385	113.189351561243	4.00003986048829	50175	0.999980070153061
"58"	570	111.497827603388	111.497857498754	157.687863298137	85.6999226348291	113.189365206968	4.00003986048829	50175	0.999980070153061
"59"	580	111.497797708022	111.497827603388	157.687905576569	85.6998803573526	113.189324269794	4.00003986048829	50175	0.999980070153061
"60"	590	111.5	111.5	157.6848122046	85.7012657947444	113.192314226718	4	50176	1
"61"	600	111.5	111.5	157.6848122046	85.7012657947444	113.192314226718	4	50176	1
"62"	610	111.5	111.5	157.6848122046	85.7012657947444	113.192314226718	4	50176	1
"63"	620	111.5	111.5	157.6848122046	85.7012657947444	113.192314226718	4	50176	1
"64"	630	111.5	111.5	157.6848122046	85.7012657947444	113.192314226718	4	50176	1
"65"	640	111.5	111.5	157.6848122046	85.7012657947444	113.192314226718	4	50176	1
"66"	650	111.5	111.5	157.6848122046	85.7012657947444	113.192314226718	4	50176	1
"67"	660	111.5	111.5	157.6848122046	85.7012657947444	113.192314226718	4	50176	1
"68"	670	111.5	111.5	157.6848122046	85.7012657947444	113.192314226718	4	50176	1
"69"	680	111.5	111.5	157.6848122046	85.7012657947444	113.192314226718	4	50176	1
"70"	690	111.5	111.5	157.6848122046	85.7012657947444	113.192314226718	4	50176	1
"71"	700	111.5	111.5	157.6848122046	85.7012657947444	113.192314226718	4	50176	1
