"Time"	"xCenter"	"yCenter"	"MaximalerRadius"	"DurchschnittRadius"	"EightyProzentRadius"	"DurchschnittAnzahlZellen"	"AnzahlZellenSystem"	"Abdeckung"
"1"	0	111.995217218015	112	40.4635212921227	27.1335176556126	36.2330982430087	4	2509	0.0500039859693878
"2"	10	112.074470515464	111.893852106038	45.793661150989	27.6263897299558	37.0168115969355	6.87952871870398	3395	0.0676618303571429
"3"	20	111.728814851035	112.000615601546	49.9810108329738	28.5955014694834	38.3785421371641	6.16511257675688	4397	0.0876315369897959
"4"	30	111.754275733634	112.039329495862	53.5873051316963	30.0634460909412	40.4788973250751	5.82204665161776	5316	0.105947066326531
"5"	40	111.819429884874	112.102422513591	56.9601536728883	31.8713903179479	42.8997715745991	5.62999680204669	6254	0.124641262755102
"6"	50	111.713317898996	112.202171958705	60.5638897982091	33.6033282807972	45.4449669671117	5.51674107142857	7168	0.142857142857143
"7"	60	111.732447727551	112.33543877251	63.5226050197838	35.5872433623556	48.0489453241927	5.41467597696925	8163	0.162687340561224
"8"	70	111.94861382588	112.654504839058	66.917595254377	37.6616407024835	50.8799252909808	5.33441348023331	9258	0.184510522959184
"9"	80	111.86951924187	112.581403040216	70.4423924058052	39.7094506058743	53.5483948038447	5.27958437560131	10394	0.207150829081633
"10"	90	111.74929479739	112.803638804945	73.9748784516613	41.8621405712703	56.3568940439816	5.20741758241758	11648	0.232142857142857
"11"	100	111.550952056068	112.727931650275	77.9301704930736	43.9900260087633	59.3071950215123	5.16564702238055	12913	0.257354113520408
"12"	110	111.598411137524	112.783538341607	80.5265063769696	46.1654441628623	62.2043334646973	5.102426064462	14303	0.285056600765306
"13"	120	111.619168451134	112.779461021147	83.9746666615222	48.35341094467	65.1832494869657	5.04616752397282	15747	0.313835299744898
"14"	130	111.811759949142	112.701367774374	87.984780585766	50.588987128606	68.1316276871593	4.99034849448073	17303	0.344846141581633
"15"	140	111.757260389336	112.671169313373	90.4049511608883	52.75787809652	70.9200268970487	4.94339822259839	18904	0.376753826530612
"16"	150	111.778824183832	112.791625957054	95.1478226327909	54.9454121689216	73.7957358422226	4.89273221919938	20584	0.410235969387755
"17"	160	111.865951977553	112.857737687991	98.6015220628716	57.1257034662349	76.7135888485449	4.88125701459035	22275	0.443937340561224
"18"	170	111.979531854338	112.885680400199	101.038857051427	59.3787526482186	79.6545027460907	4.84663186676609	24138	0.481066645408163
"19"	180	111.988878683715	112.972926937127	104.756323264278	61.6008844563258	82.6450729333849	4.8287636992886	26005	0.518275669642857
"20"	190	112.109161426937	112.816064756813	108.510627824659	63.7877262966744	85.5398224431675	4.79207495887276	27962	0.557278380102041
"21"	200	112.159998891814	112.907207518331	111.825183691038	66.0264586451044	88.5164122277345	4.7657645647247	30004	0.59797512755102
"22"	210	112.196032079433	113.006861187389	115.262604195204	68.2674661563822	91.4868453564108	4.74376459598319	32115	0.640047034438776
"23"	220	112.244849731272	112.809512513368	118.245677584785	70.5523514241084	94.543892255224	4.68210514066273	34373	0.685048628826531
"24"	230	112.219628402933	112.720344518228	122.080614221593	72.7351961301802	97.5533860583743	4.59482782162265	36619	0.72981106505102
"25"	240	112.031403893313	112.720642404733	125.635146876939	74.7147431860096	100.217660269789	4.50452914913933	38749	0.772261639030612
"26"	250	111.924928328714	112.624734455935	129.244639372857	76.4165834853238	102.401157013594	4.42198808527399	40622	0.809590242346939
"27"	260	111.780363974248	112.591866614713	134.071709856759	77.9027944121932	104.322291393029	4.35215664018161	42288	0.842793367346939
"28"	270	111.539929754608	112.437823532704	137.246724567385	79.21278462992	105.940574722988	4.29314366738325	43726	0.871452487244898
"29"	280	111.492926351635	112.275231846169	140.856718375217	80.302092949439	107.313407512913	4.24901476187295	44913	0.895109215561224
"30"	290	111.495603549525	112.15736620036	143.395659152519	81.3730303410186	108.513479539033	4.20274936477946	46047	0.917709661989796
"31"	300	111.434500167699	111.980911300581	145.530895260913	82.2900241701741	109.530018916355	4.16650705484262	46989	0.936483577806122
"32"	310	111.367131855616	111.973369646815	148.910241755704	83.029643518982	110.32304238269	4.1383487007544	47720	0.951052295918367
"33"	320	111.317621015029	111.858632415728	152.823296001846	83.7121487094754	111.044856795306	4.11279019287619	48373	0.964066485969388
"34"	330	111.343199618786	111.746863719989	156.268020708171	84.323802346416	111.671456181699	4.08553155840706	48941	0.975386639030612
"35"	340	111.397500142232	111.685190925115	156.470503699069	84.7866007728474	112.128757308264	4.06183645352136	49356	0.983657525510204
"36"	350	111.453560336669	111.668938653122	157.418007333917	85.1242674871075	112.505602236034	4.04015061514608	49663	0.989775988520408
"37"	360	111.492709001926	111.623265003209	157.777150550091	85.3441124863334	112.744322857679	4.02535301668806	49856	0.993622448979592
"38"	370	111.553944814615	111.583278308022	157.781844968512	85.4764344236216	112.923467699088	4.01576725293635	49977	0.996033960459184
"39"	380	111.542005474197	111.546950232753	157.688321222411	85.5634527213863	113.013476295605	4.00978962299962	50053	0.997548628826531
"40"	390	111.527407924943	111.526888911069	157.723205865968	85.6116510931963	113.062114113782	4.00646771134844	50095	0.998385682397959
"41"	400	111.505017656565	111.51167128863	157.696613141102	85.6427006134956	113.13466431298	4.00418969335435	50123	0.998943718112245
"42"	410	111.489092069316	111.500518475682	157.692892065151	85.6692573149598	113.151382746633	4.00231319919437	50147	0.999422034438776
"43"	420	111.495474662095	111.503548502851	157.690521273662	85.6864313310008	113.178293222481	4.00111638291934	50162	0.999720982142857
"44"	430	111.491567994259	111.503887094845	157.69352315691	85.6905560241263	113.181510002866	4.00079735278874	50166	0.999800701530612
"45"	440	111.489574820101	111.501833874858	157.693480782366	85.6918958022925	113.181984884238	4.00071760320529	50167	0.999820631377551
"46"	450	111.497209543362	111.509607143569	157.693578705444	85.6960729217758	113.183331524023	4.00039863666261	50171	0.999900350765306
"47"	460	111.499262536873	111.508012437216	157.690999402374	85.6970279664122	113.185038018398	4.00031890297377	50172	0.999920280612245
"48"	470	111.49728937875	111.506039104698	157.690999212716	85.6981459959806	113.186203797476	4.00023917246328	50173	0.999940210459184
"49"	480	111.501454907823	111.502132536124	157.68734891127	85.7003922510471	113.189793726177	4.00007972097658	50175	0.999980070153061
"50"	490	111.5	111.5	157.6848122046	85.7012657947444	113.192314226718	4	50176	1
"51"	500	111.5	111.5	157.6848122046	85.7012657947444	113.192314226718	4	50176	1
"52"	510	111.5	111.5	157.6848122046	85.7012657947444	113.192314226718	4	50176	1
"53"	520	111.5	111.5	157.6848122046	85.7012657947444	113.192314226718	4	50176	1
"54"	530	111.5	111.5	157.6848122046	85.7012657947444	113.192314226718	4	50176	1
"55"	540	111.5	111.5	157.6848122046	85.7012657947444	113.192314226718	4	50176	1
"56"	550	111.5	111.5	157.6848122046	85.7012657947444	113.192314226718	4	50176	1
"57"	560	111.5	111.5	157.6848122046	85.7012657947444	113.192314226718	4	50176	1
"58"	570	111.5	111.5	157.6848122046	85.7012657947444	113.192314226718	4	50176	1
"59"	580	111.5	111.5	157.6848122046	85.7012657947444	113.192314226718	4	50176	1
"60"	590	111.5	111.5	157.6848122046	85.7012657947444	113.192314226718	4	50176	1
"61"	600	111.5	111.5	157.6848122046	85.7012657947444	113.192314226718	4	50176	1
"62"	610	111.5	111.5	157.6848122046	85.7012657947444	113.192314226718	4	50176	1
"63"	620	111.5	111.5	157.6848122046	85.7012657947444	113.192314226718	4	50176	1
"64"	630	111.5	111.5	157.6848122046	85.7012657947444	113.192314226718	4	50176	1
"65"	640	111.5	111.5	157.6848122046	85.7012657947444	113.192314226718	4	50176	1
"66"	650	111.5	111.5	157.6848122046	85.7012657947444	113.192314226718	4	50176	1
"67"	660	111.5	111.5	157.6848122046	85.7012657947444	113.192314226718	4	50176	1
"68"	670	111.5	111.5	157.6848122046	85.7012657947444	113.192314226718	4	50176	1
"69"	680	111.5	111.5	157.6848122046	85.7012657947444	113.192314226718	4	50176	1
"70"	690	111.5	111.5	157.6848122046	85.7012657947444	113.192314226718	4	50176	1
"71"	700	111.5	111.5	157.6848122046	85.7012657947444	113.192314226718	4	50176	1
